-1.305104586693033530e+00 -9.834360274350198994e-01 1.037815097566132883e+00 6.394214090649135152e-01 -3.548666088807859165e-01 5.042713672025453953e-01 2.290760174143239436e-05 -4.104605544341666246e-03 -1.297983942549763015e-03 -4.104605544341666246e-03 2.896577659209734534e+00 7.302779492235345060e-01 -1.297983942549763015e-03 7.302779492235345060e-01 2.136567885576330927e-01
3.333822326654806156e-01 3.601384858655327093e-01 1.812148106986588791e+00 6.725360803614367500e-01 -1.969843089266738734e-01 -8.519244376713649425e-01 4.695059156271478304e-04 -6.527818285917419416e-02 -1.361568635616094980e-02 -6.527818285917419416e-02 1.574163676446952564e+01 3.845232576793478074e+00 -1.361568635616094980e-02 3.845232576793478074e+00 1.806484798786792911e+00
-1.243141440594594110e-01 -2.072054125686048742e+00 -2.144564674638075985e+00 3.881218128649772670e-01 -7.887154024832532251e-01 2.932093500562761579e-02 1.383781977892794841e-04 -2.589217729109805077e-03 1.424904638724910910e-03 -2.589217729109805077e-03 9.206343924243279631e+00 2.023728429279003649e+00 1.424904638724910910e-03 2.023728429279003649e+00 1.259934527079546118e+00
2.467212727285472140e-01 4.606013874241753570e+00 -3.732705564382932995e+00 -1.353968153198644997e-01 3.253102466401030513e-01 -3.128687455236195403e-01 1.514344205588713352e-05 3.736388975994486827e-03 2.225641893005558813e-03 3.736388975994486827e-03 1.148339333253052885e+01 3.233522694046087054e+00 2.225641893005558813e-03 3.233522694046087054e+00 1.295707718895755312e+00
2.078673437081128395e+00 2.115625022020727553e+00 1.691500590508429047e+00 -2.199451963935671051e-01 -2.487571205908149785e-01 4.123117685736347737e-01 2.427687680513675353e-06 -6.512568262451168266e-04 -2.218669692410912830e-04 -6.512568262451168266e-04 3.872448606223599210e+00 6.105465910621887815e-01 -2.218669692410912830e-04 6.105465910621887815e-01 4.194805539962468410e-01
6.088875839948059143e-01 1.122494662739459192e+00 3.627729431843787489e-01 -5.627177104379145200e-01 -5.858178567761030547e-02 -3.057069402972407146e-01 2.642330798607872143e-06 -1.660893644839234184e-03 -6.640243910283061268e-04 -1.660893644839234184e-03 1.365983000785793822e+00 2.903792095665380657e-01 -6.640243910283061268e-04 2.903792095665380657e-01 6.225423880105532271e-02
8.109526127685204311e-02 1.758625034010842525e-01 -8.443186601538253955e-01 7.676688403489179136e-01 3.321909653796019102e-01 6.004917911447956586e-02 9.126033262418785068e-06 -3.098810097412751929e-03 -1.178035446969261102e-03 -3.098810097412751929e-03 5.262834390507008520e-01 4.932624975140242896e-01 -1.178035446969261102e-03 4.932624975140242896e-01 2.005206001243209080e-01
-5.015215719246020054e-01 -3.332672231596093493e+00 3.052407289740391994e-01 -1.454683122061343759e-01 1.807965608770421007e-01 1.497957690522573777e-02 -4.736951571734000957e-06 -1.565192420116545691e-04 -6.223910276048627566e-05 -1.565192420116545691e-04 3.061909696159640148e+00 2.899300133307747274e-01 -6.223910276048627566e-05 2.899300133307747274e-01 1.602585397719735461e-01
1.379877398839430613e+00 9.919258520304463644e-01 -2.418083135422291363e+00 2.409611924560787766e-01 2.032854537411579732e-02 2.000780667659254330e-01 -3.833970178372206688e-06 -3.133493464702041820e-04 -1.261657445184027893e-04 -3.133493464702041820e-04 2.861444052075038158e+00 2.494847883838247071e-01 -1.261657445184027893e-04 2.494847883838247071e-01 1.229202073460555628e-01
-1.940622966400542826e-01 2.309036954469279312e-01 -1.503787158790196588e-01 9.425392378758554179e-02 7.613784204230041042e-02 5.090293656194440075e-01 -9.325873406851313881e-07 -1.100608493231902685e-03 -4.568567746332519164e-04 -1.100608493231902685e-03 -7.343407881776896629e-01 1.886500289316472845e-01 -4.568567746332519164e-04 1.886500289316472845e-01 2.299067602962167819e-02
-4.962694681708716971e-01 -8.114262012427925219e-01 9.418794613914442948e-01 2.575958442447230934e-01 -6.955496227892291605e-01 1.480612050586905815e-01 6.661338147750938396e-06 -2.402056331618496188e-03 -9.242384635399503168e-04 -2.402056331618496188e-03 1.446743598994733482e+00 4.107373552386661686e-01 -9.242384635399503168e-04 4.107373552386661686e-01 1.209003193854603642e-01
-3.568886655882902992e-01 -8.416353136101752952e-01 -4.753758195361723615e-01 -4.481946051586275792e-01 1.459353702274216735e-01 -3.463855773707218422e-01 9.473903143468001067e-07 -1.372280067357678490e-03 -5.595301999505863932e-04 -1.372280067357678490e-03 7.936749553868100993e-01 2.309246349696536527e-01 -5.595301999505863932e-04 2.309246349696536527e-01 6.541780450675103997e-02
-7.025505474343597401e-01 1.046588621572189792e+00 -9.286455644209880289e-02 -2.440901644538095716e-01 -4.670152470416012447e-01 5.415589528972364342e-01 6.387483135010066731e-06 -2.398037324269353121e-03 -9.270362255620057113e-04 -2.398037324269353121e-03 1.313853011571571416e+00 4.055129787516875695e-01 -9.270362255620057113e-04 4.055129787516875695e-01 1.381160889361391642e-01
9.492550980964015173e-01 3.936107596225583372e+00 2.369185135550440968e+00 8.559237826720021702e-02 5.110829414170811047e-01 8.407244641861308376e-02 9.148237722911288199e-06 6.419309528382655117e-04 5.250466728057290311e-04 6.419309528382655117e-04 6.432339194617497036e+00 1.425161455514967201e+00 5.250466728057290311e-04 1.425161455514967201e+00 4.422710790189890995e-01
-7.566598076421582331e-01 -2.409765522445656227e+00 -6.796415145675001046e-01 4.620377310899821677e-02 -3.145605570760676706e-01 1.664282365973967365e-02 -3.848773152033875724e-06 -3.436362305819784524e-04 -1.405098259965598118e-04 -3.436362305819784524e-04 2.679863027784297635e+00 1.930596793542349587e-01 -1.405098259965598118e-04 1.930596793542349587e-01 1.864867593681651392e-01
7.261086650528064679e-02 4.383061276877437962e+00 9.783777379335595326e-01 -5.858768782433140809e-02 3.030004530362006565e-01 5.206905299289418254e-01 2.245611104475149511e-05 2.072253479923347186e-03 1.326405651980167022e-03 2.072253479923347186e-03 8.482341229409938066e+00 1.978761687837504724e+00 1.326405651980167022e-03 1.978761687837504724e+00 1.192540732830593475e+00
-2.311411597776910909e-01 9.964434264993349277e-01 -5.454183827462909528e-01 3.026195804999745609e-01 -4.999799917314060038e-01 1.446151599400611887e-01 1.317464655888519024e-06 -1.452060693907242239e-03 -5.886180431957654946e-04 -1.452060693907242239e-03 1.056415029528541938e+00 2.472846150070040494e-01 -5.886180431957654946e-04 2.472846150070040494e-01 7.159978535990299542e-02
1.227656617250415083e+00 -1.621917184879912988e+00 -3.130256415253541924e+00 7.337601091881479354e-02 -3.760400068250999706e-01 8.233554505313121774e-02 -2.050211852141122129e-06 -3.776312595960007457e-04 -1.274091943059829646e-04 -3.776312595960007457e-04 3.336096058662954889e+00 4.841322009951909422e-01 -1.274091943059829646e-04 4.841322009951909422e-01 -2.376355630791711637e-01
1.412692574578011895e+00 1.743367468878571191e+00 -2.851629086240630606e+00 5.813105096073280936e-02 6.962717531443231300e-02 3.169755330277920780e-01 -3.093821495288769277e-06 -2.757793993168888846e-04 -1.045163955382122367e-04 -2.757793993168888846e-04 3.389289634133281659e+00 4.175217283020060677e-01 -1.045163955382122367e-04 4.175217283020060677e-01 2.422672803111443618e-01
3.633218953730846801e-01 3.094769186418627083e+00 -2.875761487799245453e-01 2.068204502226289321e-01 8.422794787103731196e-01 -2.996610654379942562e-01 1.490230161493854904e-03 -2.127320541944754950e-03 3.382445434851888422e-02 -2.127320541944754950e-03 2.793333329087488082e+01 6.358433957132092473e+00 3.382445434851888422e-02 6.358433957132092473e+00 3.151242067289671933e+00
2.238409060183066401e+00 5.229919595839096352e-02 9.629536849343764970e-01 -6.868668909448952808e-01 -2.767948300052660432e-02 2.133498466691220175e-01 9.740356669378039483e-06 -1.884625788761695730e-03 -6.667333352083915088e-04 -1.884625788761695730e-03 3.184426855540322787e+00 5.703563399350741747e-01 -6.667333352083915088e-04 5.703563399350741747e-01 3.270974084183345676e-01
-2.959353245566084034e+00 -1.554359860948381522e+00 -1.573500584634781152e+00 -4.813758606078659685e-01 -3.469926676214289407e-01 4.074005714249724908e-01 3.844332259935374929e-05 1.209432554105660529e-03 1.078337419357922045e-03 1.209432554105660529e-03 7.851583339046896093e+00 1.722110765101092511e+00 1.078337419357922045e-03 1.722110765101092511e+00 1.319990946176593072e+00
-1.902923087391905854e+00 4.311283517242811669e+00 -5.017444877822425653e+00 3.560437062150721976e-01 -2.914502391409583282e-02 -3.027659955181488671e-01 6.547355250556088934e-05 2.476423510699987673e-02 1.427853391078315326e-02 2.476423510699987673e-02 3.423767454731792270e+01 1.284978647930756779e+01 1.427853391078315326e-02 1.284978647930756779e+01 5.990129710771913807e+00
4.357510136034672965e-01 4.726756609854328994e-01 -1.287496155976552537e+00 7.013895128674465206e-03 1.650022010168381015e-01 7.605715972655140433e-01 7.882583474838609743e-06 -2.577738023035180959e-03 -9.750422691467974801e-04 -2.577738023035180959e-03 1.643320908980190787e+00 4.455057656116423459e-01 -9.750422691467974801e-04 4.455057656116423459e-01 1.258771901528158710e-01
-3.217377217464602701e+00 3.653867006205023138e+00 3.836720657269171442e-01 1.491047775708049528e-01 5.857917354963632084e-01 -2.144211994600267179e-01 8.766321002440234688e-05 1.155022744114830857e-02 7.937295265492139151e-03 1.155022744114830857e-02 1.564456450312926705e+01 4.608953529938730753e+00 7.937295265492139151e-03 4.608953529938730753e+00 1.113345282632849154e+00
1.646193841078895437e+00 -4.201532838990873486e+00 -2.899957759350204167e+00 1.168735246110470111e-02 5.896871485080244085e-02 -3.244594998802795005e-01 -1.643130076445231468e-06 1.388222869991295738e-04 1.158184659288963303e-04 1.388222869991295738e-04 5.427009212392400528e+00 1.108563107976578976e+00 1.158184659288963303e-04 1.108563107976578976e+00 4.937732445142727911e-01
-2.076529032225138405e+00 2.561041043614639801e+00 3.385976262096149547e+00 -2.898602568087216835e-01 2.566319629521581769e-01 1.010814245633737674e-01 -1.258252761241843991e-07 -1.638689184346731054e-05 5.939693181744587491e-05 -1.638689184346731054e-05 4.887562154998192021e+00 9.272529188919520493e-01 5.939693181744587491e-05 9.272529188919520493e-01 3.542370100954409518e-01
8.399548046196169127e-01 1.346752183288364213e+00 -2.593955018083808906e+00 -6.205176118094859472e-01 -3.435790084374807929e-01 -5.506029891816098809e-01 2.895165588749174521e-04 -7.664269219276320655e-03 4.206235360015853075e-03 -7.664269219276320655e-03 1.184456229393522975e+01 2.633912377092428869e+00 4.206235360015853075e-03 2.633912377092428869e+00 -1.314356031419568476e-04
1.458614425676261206e+00 -4.270754020210420498e-01 5.703742800727079620e-01 -6.233491542500081001e-02 4.054928851265904993e-02 -2.183472637141813388e-01 -5.077419965952382014e-06 -2.029487689014786156e-04 -8.473222123939194717e-05 -2.029487689014786156e-04 1.770203901981422412e+00 4.075655368751540664e-02 -8.473222123939194717e-05 4.075655368751540664e-02 9.410677422512964130e-02
2.322396975590387935e+00 -1.193406396388634549e+00 5.615577195731810356e+00 -1.693341672901942443e-02 4.630304456405211211e-02 2.011175658792889731e-01 -4.411286151177288089e-06 1.003197525051291450e-04 7.562839243746566353e-05 1.003197525051291450e-04 5.463639215127121140e+00 1.226322110525757125e+00 7.562839243746566353e-05 1.226322110525757125e+00 2.636402355686110477e-01
2.388157138346673758e-01 -2.061054522136244183e-01 -3.205719951811260571e-01 -1.906045026882509097e-01 3.084710090634474877e-01 -1.382899218965800148e-01 -3.208544541166701978e-06 -5.998090912839870725e-04 -2.512767771634116798e-04 -5.998090912839870725e-04 -5.079056804765020861e-01 1.010620476193935247e-01 -2.512767771634116798e-04 1.010620476193935247e-01 5.719303179200588283e-02
-3.312718088299055452e+00 -2.410332114857398178e+00 2.317131467348221729e+00 3.794233506712630377e-01 -4.735597305352055031e-01 1.196035754648136634e-01 3.788080960021033438e-05 4.393418961967654468e-03 2.844968705062456138e-03 4.393418961967654468e-03 1.067161915872342526e+01 2.740438143078449684e+00 2.844968705062456138e-03 2.740438143078449684e+00 1.099939813305657710e+00
-2.608546808765107361e+00 -1.557010148876944555e+00 -7.628732180099716542e-01 6.202221387140164355e-01 -1.542697348721126446e-02 2.954796788933959362e-01 1.304882128276100428e-05 -1.219380152406301931e-03 -3.064437592570357083e-04 -1.219380152406301931e-03 4.267501692763649324e+00 8.104719784185476783e-01 -3.064437592570357083e-04 8.104719784185476783e-01 2.643595860736998593e-01
-2.396542739513950693e+00 4.568738031960060675e-01 1.270795071326283221e+00 -4.031518486637448717e-01 2.661039773185887580e-01 -1.123824394385957159e-01 -7.401486830834375833e-09 -8.001599383078428218e-04 -3.115729896308039315e-04 -8.001599383078428218e-04 2.922467475426533845e+00 3.553511263021391642e-01 -3.115729896308039315e-04 3.553511263021391642e-01 1.187259549932188352e-01
2.632952655226471705e+00 2.571985366504178305e+00 -1.541571998770315324e-02 5.431496033242787930e-02 -1.463853794323260182e-01 3.173938007706170183e-02 -5.329070518200750547e-06 -6.699085730588194565e-05 -2.664535259100375697e-05 -6.699085730588194565e-05 3.281330940296811161e+00 3.282016880490346011e-01 -2.664535259100375697e-05 3.282016880490346011e-01 3.661488445771964861e-01
2.561697169755942638e-01 7.932822986490110084e-01 -5.785187624019212382e-01 6.451642947146721818e-01 4.844668000631103255e-01 -2.314488066968188873e-01 9.540516524945511306e-06 -3.123834524387802958e-03 -1.176370112432323367e-03 -3.123834524387802958e-03 8.604572535967727198e-01 4.981194123843124544e-01 -1.176370112432323367e-03 4.981194123843124544e-01 1.792160346051711040e-01
-5.953325891093819155e-01 7.971076728270966028e-01 -3.125194417835213123e-01 4.707655112619786864e-01 6.921632574543053196e-02 -1.336123857281195926e-01 -1.324866142719353330e-06 -9.691358826557916473e-04 -3.998135156280113733e-04 -9.691358826557916473e-04 8.077061464106803923e-01 1.614357980628255973e-01 -3.998135156280113733e-04 1.614357980628255973e-01 3.101635244936080948e-02
1.500886303076640060e-01 4.068883290145352549e-01 -8.729293739641790228e-01 5.445570401484114420e-01 -2.605892110268254180e-01 9.439331985504656464e-02 1.265654248072678244e-06 -1.506150759666979866e-03 -6.121325668573263101e-04 -1.506150759666979866e-03 6.728602045906010298e-01 2.528981246641137659e-01 -6.121325668573263101e-04 2.528981246641137659e-01 5.866898078465964533e-02
-3.178128556214765865e+00 -1.323499425317886447e+00 -5.654116080215191298e-01 -2.137612005196157239e-01 4.289392005129351593e-01 -4.499128952515897284e-01 1.384078037366028374e-05 -8.486988889444546658e-04 -7.136513602290506242e-05 -8.486988889444546658e-04 4.584653930569023039e+00 9.241353460254231322e-01 -7.136513602290506242e-05 9.241353460254231322e-01 -1.270032671622326748e-01
-9.046599932060906957e-01 -2.432838265751977869e-01 -1.515706237224073272e+00 -2.463549012690966766e-01 4.911308548558538378e-01 -6.553226736590831436e-01 1.576516694967721949e-05 -3.454014851911324513e-03 -1.180788800070331490e-03 -3.454014851911324513e-03 2.389006866406380603e+00 6.135447927491100018e-01 -1.180788800070331490e-03 6.135447927491100018e-01 1.226365749692111540e-01
1.911268770081924639e+00 1.287578334632920818e+00 -1.983779874998554404e-01 1.026678314810868381e-01 -4.023458864952578207e-01 1.661608921136747408e-01 -1.583918181798556382e-06 -7.061462525825845660e-04 -2.869260384841254563e-04 -7.061462525825845660e-04 2.575601968738775671e+00 2.326902892590965166e-01 -2.869260384841254563e-04 2.326902892590965166e-01 2.747416738557716953e-01
-8.901761417659374009e-01 -4.156060792948068627e-01 -9.181174884523643498e-02 -1.861778109430963987e-02 -6.959465858832196428e-02 4.732983705426192511e-01 -1.539509260813550120e-06 -9.098499731408082880e-04 -3.762545830454655515e-04 -9.098499731408082880e-04 6.822483171002128310e-01 1.506946567531031178e-01 -3.762545830454655515e-04 1.506946567531031178e-01 7.548036270084896443e-03
-2.179033697757478905e+00 -3.811825465670808377e+00 -4.169120362133096336e+00 1.367835272297268090e-01 -3.072373663493486173e-01 1.179973298093880824e-01 6.069219201284188382e-07 8.394618333795733633e-04 4.896527627806790406e-04 8.394618333795733633e-04 7.778456160660121910e+00 1.898718959836287468e+00 4.896527627806790406e-04 1.898718959836287468e+00 1.018876657118046980e+00
-2.412595222289024011e-01 9.321949818591032111e-01 -1.855688326664675647e-01 -1.432689780913002087e-01 -4.097206094930010423e-01 6.279924905771595567e-01 6.195044477408372649e-06 -2.461653103580374591e-03 -9.610312545760280045e-04 -2.461653103580374591e-03 7.238236084579814378e-01 4.045524359952423765e-01 -9.610312545760280045e-04 4.045524359952423765e-01 1.122994882270707540e-01
-1.248240591845316549e+00 2.074012783717791741e+00 -1.261287936186333392e+00 2.583981787807425601e-01 -1.415778790318604763e-01 -3.072516629203929650e-01 -1.872576168201097083e-06 -6.000311358889121038e-04 -2.380762254006185685e-04 -6.000311358889121038e-04 2.763194088354718136e+00 2.841933355313130960e-01 -2.380762254006185685e-04 2.841933355313130960e-01 2.042439550820062885e-02
-2.999640310256352360e-01 -2.853668650150387176e-01 -2.900021110925113943e-01 2.211769677842548298e-01 -4.179098828728852744e-01 -2.979500123495558705e-01 3.700743415417188247e-08 -1.258704251938524976e-03 -5.196953978270357766e-04 -1.258704251938524976e-03 -3.939601163812274098e-01 2.132081178274347621e-01 -5.196953978270357766e-04 2.132081178274347621e-01 6.969692230759012841e-02
-3.483485311191065303e+00 -9.268093048250896082e-01 -1.610918122180545753e+00 3.007532745234999805e-01 5.453910835873172491e-01 2.947304979714892026e-01 3.637090628672012149e-05 1.980415831326354237e-03 1.413225092505854263e-03 1.980415831326354237e-03 8.464325344329873602e+00 1.913611047399399467e+00 1.413225092505854263e-03 1.913611047399399467e+00 1.394443864081532869e+00
-4.983465780070747364e+00 6.155406468625875149e+00 -4.034709812102135196e+00 -7.479498274184226414e-02 1.417553470534724525e-01 -1.252335200407864342e-02 -3.981999914988894509e-06 8.506972903887799475e-04 5.023537141823908314e-04 8.506972903887799475e-04 1.399085922670906079e+01 4.906095796286535915e+00 5.023537141823908314e-04 4.906095796286535915e+00 1.880858994477800028e+00
6.978916939472624703e-01 2.478498022318599503e+00 -1.055035794217403566e+00 -3.672839845706468154e-01 2.249533385075703218e-01 6.321980692601301965e-02 -1.665334536937734599e-06 -6.126654739091463853e-04 -2.437605672866993700e-04 -6.126654739091463853e-04 2.908928209421901112e+00 3.078083343766024882e-01 -2.437605672866993700e-04 3.078083343766024882e-01 2.032338741742023280e-01
-4.951690350258075024e-01 -3.049799880847891553e-01 -4.912723904815171627e-01 7.628923773310845036e-01 -1.409004449145238314e-01 -4.339564195410054448e-01 1.126506295652992057e-05 -3.615974186743642349e-03 -1.343769540085304470e-03 -3.615974186743642349e-03 3.180603336261355607e-01 5.606042741135297547e-01 -1.343769540085304470e-03 5.606042741135297547e-01 2.080010978270744326e-01
-5.098888559449780367e+00 8.027165942330347637e-01 -9.166149605074435769e+00 -1.111999378978353464e-01 -7.396634921444807109e-02 3.848187983398475981e-02 -2.738550127408719184e-06 3.573630280584438879e-03 2.030553503118426306e-03 3.573630280584438879e-03 4.531384666014066909e+01 1.975007757337721159e+01 2.030553503118426306e-03 1.975007757337721159e+01 9.778399423510107269e+00
-4.872170098967935736e+00 5.306569253034433054e+00 -1.383209325452983363e+00 -2.444766744269734893e-01 -2.306052021730181645e-01 1.942737383401266504e-01 1.671255726402402086e-05 8.301759280016085540e-03 4.619149507334441296e-03 8.301759280016085540e-03 2.149579190202643630e+01 7.357258358098306417e+00 4.619149507334441296e-03 7.357258358098306417e+00 3.614173908298804250e+00
4.173716189550745193e-01 4.836939993404807958e-01 -4.525919180990441992e-01 -6.455243197574115355e-01 -5.322332250328619674e-01 -3.157855774681146976e-01 1.178316703468832582e-05 -3.686673188951772318e-03 -1.362598922582947125e-03 -3.686673188951772318e-03 3.631712116221781361e-01 5.689674731357285964e-01 -1.362598922582947125e-03 5.689674731357285964e-01 1.681709068298194443e-01
-7.878059821061101919e-01 -9.959406773317754091e-02 6.091528497567563205e-01 -2.643497568881637561e-01 -2.895913900388746298e-01 1.301813747183642733e-01 -2.886579864025406582e-06 -6.743272606968275795e-04 -2.804201315598220390e-04 -6.743272606968275795e-04 7.242824044221642943e-01 1.085513678944494131e-01 -2.804201315598220390e-04 1.085513678944494131e-01 3.372079652545304645e-02
-3.998382940259635809e+00 2.203037683129010216e-01 1.662333093571714882e+00 1.188020340743318193e-01 3.456734367752057890e-01 3.051314309267726954e-01 2.309263891220325181e-06 -1.656452752740733558e-04 4.130029651605582330e-05 -1.656452752740733558e-04 4.627903749110372722e+00 8.890495450941671152e-01 4.130029651605582330e-05 8.890495450941671152e-01 2.148030642246112273e-02
5.089780247449415818e-01 1.788375780576828278e-01 2.211078795188778923e+00 -4.112328627686487881e-01 -1.641227989370446505e-01 1.147258209864295414e-01 -1.265654248072678244e-06 -7.460032591666276858e-04 -3.018696403955800633e-04 -7.460032591666276858e-04 2.495996165308155934e+00 2.329178627746841812e-01 -3.018696403955800633e-04 2.329178627746841812e-01 1.608034076265122680e-01
2.192686526944934933e+00 1.063527275603298516e+00 2.822659546208801995e+00 -1.008154638935038067e-01 2.658556525279042182e-01 1.593037256714939509e-01 -3.234449745074622156e-06 -2.748246075157112500e-04 -9.796607969292381313e-05 -2.748246075157112500e-04 3.166770431069683589e+00 4.146152976503003629e-01 -9.796607969292381313e-05 4.146152976503003629e-01 -2.662464175055371252e-01
-2.634695712460148886e+00 2.420669002575120299e+00 3.187078597791968448e+00 1.514316226358559947e-01 5.596783464450284518e-01 -3.754893625276977537e-02 2.312224485952658903e-05 2.892974748647247907e-03 1.742428423767705681e-03 2.892974748647247907e-03 9.514591470249909477e+00 2.323080439126101737e+00 1.742428423767705681e-03 2.323080439126101737e+00 1.333619570331734172e+00
5.974922134586484468e-01 -1.362232006680192287e+00 -8.151854906421590607e-01 -1.332530974628039766e-01 4.156523242535710150e-01 -8.561181154214406175e-02 -1.990999957494447255e-06 -7.547740210611664224e-04 -3.097522238704186748e-04 -7.547740210611664224e-04 1.864102783244447670e+00 1.542147298749796391e-01 -3.097522238704186748e-04 1.542147298749796391e-01 5.883099933138660753e-02
1.782970789905673703e+00 -5.199531723429951846e+00 9.687313525636368494e-01 -3.146129392902563549e-01 -5.119728510355812251e-02 -1.128855169273436654e-01 -1.213843840256837676e-06 2.369660023759934120e-04 1.866951038209663238e-04 2.369660023759934120e-04 5.657862652460227793e+00 1.239419944454311917e+00 1.866951038209663238e-04 1.239419944454311917e+00 2.988795581397122314e-01
2.236247142252782982e+00 -2.397324635823978145e+00 -1.077673867445790634e+00 2.718216692756017516e-01 -3.817959202706134453e-02 4.745140980832265182e-02 -4.307665335545606530e-06 -2.124522779922699556e-04 -8.462119893692943151e-05 -2.124522779922699556e-04 3.285249124592344749e+00 3.417875760192146117e-01 -8.462119893692943151e-05 3.417875760192146117e-01 4.006378044133876992e-01
-5.575903699554594972e+00 -7.998256911060912522e-01 -2.772879302925177036e+00 9.846253385380544787e-02 -8.851016275696357849e-02 1.399346203761560048e-01 -4.648133729763988434e-06 1.017408379766493454e-04 6.989964163039985579e-05 1.017408379766493454e-04 5.723417784153638443e+00 1.283680362007544318e+00 6.989964163039985579e-05 1.283680362007544318e+00 4.688399742510303003e-01
-5.624050679416253695e-01 6.154751946859826628e-01 2.270062536668885633e-01 5.762437822126830200e-01 1.006699295694939877e+00 -5.222217677834756211e-01 2.563578978727794615e-04 -7.275442470699999831e-02 -1.592375120651468023e-02 -7.275442470699999831e-02 1.987716612047070797e+01 5.517961820800110218e+00 -1.592375120651468023e-02 5.517961820800110218e+00 1.506000953573523482e+00
2.986958037201749572e-01 2.614936618890593145e+00 1.205068546261397616e-01 -2.524536224861124722e-01 3.892820302595167425e-01 7.297280012566629281e-01 4.708825921776829703e-05 -3.416866789507366775e-03 -6.783018591249856399e-04 -3.416866789507366775e-03 5.268202910950018136e+00 1.128628746016602236e+00 -6.783018591249856399e-04 1.128628746016602236e+00 7.898492526692278970e-01
-1.129878847921115703e+00 -8.213444502478854659e-02 1.630965785711122051e-01 2.450629683272022019e-01 1.226141315970851881e-01 7.179473017521054157e-02 -4.226248980406428948e-06 -3.141487070479342947e-04 -1.313837927341410250e-04 -3.141487070479342947e-04 9.980201850131226182e-01 4.452715973712884079e-02 -1.313837927341410250e-04 4.452715973712884079e-02 -1.129995356545047264e-02
-3.788463757407346755e+00 1.281878786880102039e+00 6.105604526605354909e-01 -1.392319178187990669e-01 -3.091352133336741637e-01 -1.214012320568899905e-01 -2.139029694111134652e-06 -2.667865928174251167e-04 -8.320011346540923114e-05 -2.667865928174251167e-04 3.599887217949533813e+00 5.467036823247894972e-01 -8.320011346540923114e-05 5.467036823247894972e-01 -8.771690781136005921e-02
-8.739705304620339898e-01 -1.327908816246879065e+00 1.137001565214798449e+00 -4.139671049443806039e-01 1.237197878781707006e-01 4.345545809101560852e-01 2.523907009314522394e-06 -1.425481954697715992e-03 -5.613287612504791468e-04 -1.425481954697715992e-03 2.259413271292013636e+00 3.227148326345741225e-01 -5.613287612504791468e-04 3.227148326345741225e-01 1.145928463230916211e-01
-1.884382548351407616e+00 -2.456708696068908626e+00 -1.108956966137077810e-01 4.607695847611978923e-01 -1.808317653633426392e-01 -1.606775643964284683e-01 1.398881011027697029e-06 -7.957412506698346988e-04 -2.887245997840182099e-04 -7.957412506698346988e-04 3.238924143704005942e+00 4.687512600298759935e-01 -2.887245997840182099e-04 4.687512600298759935e-01 6.745507855991187199e-03
1.218634611987690075e+00 -4.533530860307594779e+00 -7.818124081290161342e+00 -6.763187484632263158e-02 -4.756873258413345240e-02 -1.455052667782312514e-01 -3.345472047537137810e-06 1.296962537367107871e-03 7.273293078924325528e-04 1.296962537367107871e-03 1.791888988300626906e+01 6.405601871151134219e+00 7.273293078924325528e-04 6.405601871151134219e+00 3.047419102249667056e+00
3.148186090891465921e-02 -3.961016367891495027e-01 -4.688980739898457872e-01 -6.878265553077053673e-02 4.799680607865276505e-01 3.942624961286055052e-02 -1.428486958351034466e-06 -9.465761507954084664e-04 -3.931299730197679310e-04 -9.465761507954084664e-04 -1.621464814268354648e-01 1.588474907165959848e-01 -3.931299730197679310e-04 1.588474907165959848e-01 1.617545356917086258e-02
-5.598081590545451736e-01 -1.613561740951593437e+00 -3.124375962140264917e+00 3.868885167580662920e-01 -2.712137990344837823e-01 -6.633182416572647178e-01 1.886787022916299188e-04 5.615152787186161731e-03 6.672973285049010883e-03 5.615152787186161731e-03 1.308049510188406117e+01 3.202988541062268268e+00 6.672973285049010883e-03 3.202988541062268268e+00 1.095942847584296720e+00
5.545727310856276571e-01 -5.196788929136483270e-01 -1.247121816569510822e+00 -3.742075900242213815e-01 -8.321393493177534628e-01 -2.155927935559487710e-02 1.762294014421664923e-05 -4.243871920550645882e-03 -1.443067887407778471e-03 -4.243871920550645882e-03 1.955074117413838852e+00 6.565444854444990597e-01 -1.443067887407778471e-03 6.565444854444990597e-01 2.402516037965559126e-01
1.900053253993202684e+00 1.371262362986795380e-01 1.405504536689670347e+00 3.183094153281085248e-01 2.117777532872306967e-01 1.245208472709636860e-01 -2.583118903961197268e-06 -5.732303520744608250e-04 -2.319699987651802076e-04 -5.732303520744608250e-04 2.434628846674039782e+00 2.029787005142225098e-01 -2.319699987651802076e-04 2.029787005142225098e-01 -5.982570735104293658e-02
-7.034744381995038376e-01 -3.522551835310705481e-01 -5.721571529844415860e-01 -3.335126695494482485e-01 -1.949332606029766102e-01 5.702899892544551763e-01 3.589721112954672249e-06 -1.948419203756657225e-03 -7.787770428535623068e-04 -1.948419203756657225e-03 6.838000610187576767e-01 3.252708991041686204e-01 -7.787770428535623068e-04 3.252708991041686204e-01 8.884328088025009174e-02
6.119943830275909047e-01 2.127123342111751025e+00 8.284911310864709222e+00 -1.624568500827203998e-01 -1.682843152025803590e-02 4.640145338581933010e-02 -3.848773152033875724e-06 7.525091660909311031e-04 4.420463994847523281e-04 7.525091660909311031e-04 1.246920962039155079e+01 4.172233092347710226e+00 4.420463994847523281e-04 4.172233092347710226e+00 1.612964339869904284e+00
9.942551132683905557e-01 -3.434056463667087833e-01 -5.521577386232490170e-01 2.842299013222327475e-01 -1.341885111663189689e-01 4.447764616737474586e-01 -2.516505522483687982e-07 -1.176836406102665933e-03 -4.813260900959903665e-04 -1.176836406102665933e-03 1.103525774463302245e+00 2.008252453222780787e-01 -4.813260900959903665e-04 2.008252453222780787e-01 5.897184962577738804e-02
-6.042252833659222944e+00 7.907236326362261369e-01 -3.454531879467339639e+00 3.514290910097790377e-01 -1.574424129686494422e-01 -3.180112419673822854e-01 4.343340502070228712e-04 1.988456510559899471e-01 1.094400126078198809e-01 1.988456510559899471e-01 1.601202412733944698e+02 7.169815119389966185e+01 1.094400126078198809e-01 7.169815119389966185e+01 3.811787248804894546e+01
3.056535054334716950e+00 -1.193417914632559196e+00 1.575746883102669527e+00 1.312922601358087749e-01 -1.187351732458478970e-01 -1.389432936843875387e-02 -5.210646728907400798e-06 -8.504308368628699100e-05 -3.355093980417223065e-05 -8.504308368628699100e-05 3.197621634143387848e+00 3.209732257758446394e-01 -3.355093980417223065e-05 3.209732257758446394e-01 2.337762946188111646e-01
-1.948696757365308008e+00 3.124102035686245227e+00 2.107422406896574341e+00 6.274743490784306932e-02 -1.602041740300114425e-01 -1.140611013760279430e-01 -5.107025913275719239e-06 -8.173461907290402451e-05 -2.988720382290921407e-05 -8.173461907290402451e-05 3.776908163999336931e+00 4.977978251829995315e-01 -2.988720382290921407e-05 4.977978251829995315e-01 5.204272568448685687e-01
2.097047381311629710e+00 9.861754618684420715e-01 -1.742573239794000806e+00 -3.148839091507072974e-01 3.977352252567600832e-01 6.246780406039582623e-01 3.463895836830487728e-05 -2.328093273717968259e-03 -3.426148253993233084e-04 -2.328093273717968259e-03 4.983512106685831000e+00 1.058485077365389770e+00 -3.426148253993233084e-04 1.058485077365389770e+00 2.063755684863129436e-01
9.780930308290216590e-01 6.591988057176932925e-01 -7.531237318368020350e-01 9.923657655744536066e-02 -1.011785062615653485e+00 -1.069642802338297352e-02 3.406164239549979588e-05 -7.279510327862226404e-03 -2.177280578052886995e-03 -7.279510327862226404e-03 2.453898573229195801e+00 9.238814158152308664e-01 -2.177280578052886995e-03 9.238814158152308664e-01 3.859744375963221064e-01
-1.764012541864105277e+00 9.296139671596227450e-01 -6.689041541706584049e-01 8.651009634148737470e-01 -3.431627262356722330e-01 -8.548191730652253406e-02 4.363916635459948190e-05 -5.831468641304127232e-03 -1.564925966590635653e-03 -5.831468641304127232e-03 3.919912453890598059e+00 9.712254112059781619e-01 -1.564925966590635653e-03 9.712254112059781619e-01 4.033171426461497067e-01
-1.147040731573397032e+00 1.521394334548542837e-01 -3.841358152117034241e-01 -4.484482330033392472e-01 3.590414448287957416e-01 -2.072675480007223625e-01 1.635728589614397162e-06 -1.492939105673940503e-03 -6.034062138837725797e-04 -1.492939105673940503e-03 1.178070204351418626e+00 2.572176471815623700e-01 -6.034062138837725797e-04 2.572176471815623700e-01 8.766858350384153231e-02
-1.577049297500399405e-01 -3.034645695683333866e+00 -1.184445112554891377e+00 -2.035959626069906714e-01 5.037332755312313309e-02 1.215136028169657850e-01 -4.729550084903166015e-06 -1.801003790546928940e-04 -7.072120666862247162e-05 -1.801003790546928940e-04 2.791983488847904038e+00 2.572924318045011205e-01 -7.072120666862247162e-05 2.572924318045011205e-01 -2.399319927922268225e-01
3.453893814274669460e-01 4.923594525199628813e-01 -5.582308573514410677e-01 -1.631330231008736864e-01 -1.341264047971744700e-01 -3.066081844324030636e-01 -3.389880968522144072e-06 -5.489830812166474061e-04 -2.293720768875573413e-04 -5.489830812166474061e-04 3.236880911453946519e-01 8.715759225452757164e-02 -2.293720768875573413e-04 8.715759225452757164e-02 2.123804835700108390e-02
-1.275456260587323198e+00 -5.505274278922506204e-01 -4.979306559149110356e-01 1.584161557367975703e-01 3.896537195900798833e-01 2.356302458791098564e-02 -2.664535259100375274e-06 -6.868283719541068422e-04 -2.836175738707424898e-04 -6.868283719541068422e-04 1.569309904247972787e+00 1.245789027493060530e-01 -2.836175738707424898e-04 1.245789027493060530e-01 5.217488663333823967e-02
-3.237723667478608069e-01 -1.296388397804945636e-01 2.203911674984370794e+00 1.924640542679846578e-01 -3.649136112208603011e-01 -1.343967337795973493e-01 -1.687538997430237730e-06 -6.787459483348357026e-04 -2.750910610416212876e-04 -6.787459483348357026e-04 2.376420682459467582e+00 2.066431914471422715e-01 -2.750910610416212876e-04 2.066431914471422715e-01 1.380417261979497573e-02
1.044258097715544897e+00 -5.876704159570524943e-01 -1.715388695369766403e-01 9.562943520686988108e-02 4.498448919499155041e-01 -3.294406069554520755e-01 4.292862361883937917e-07 -1.272026928234026855e-03 -5.183631301974855887e-04 -1.272026928234026855e-03 1.151538745839767675e+00 2.185257752529423669e-01 -5.183631301974855887e-04 2.185257752529423669e-01 7.051218127903287336e-02
2.451097671503832398e-01 -3.744926584508064815e-01 -1.054258440258261376e-01 -1.759127484884812909e-01 -2.171837979030100119e-01 -3.877172647421058826e-01 -1.835568734046925339e-06 -9.143352741602939204e-04 -3.806954751439661777e-04 -9.143352741602939204e-04 -4.943511822119716626e-01 1.553113637697833838e-01 -3.806954751439661777e-04 1.553113637697833838e-01 4.550970711392209739e-02
-1.355738798877277995e+00 -8.473335207241337041e-01 -4.211440434436601321e-01 -1.099122863186738214e-01 -3.214265001714816661e-01 4.538754238789106665e-01 7.475501699142719294e-07 -1.247024705719468329e-03 -5.017763982095857500e-04 -1.247024705719468329e-03 1.817041909527953525e+00 2.438322210807086776e-01 -5.017763982095857500e-04 2.438322210807086776e-01 -1.112206623095820081e-03
-3.850719112560208046e-01 3.270713951331171709e-01 1.503485120695255750e+00 -4.215366930253005018e-01 3.626935192808892344e-02 6.040623977476218265e-01 6.505906924303416480e-06 -2.238031981960375560e-03 -8.572031973130833649e-04 -2.238031981960375560e-03 1.875716996539248616e+00 4.114649287956240187e-01 -8.572031973130833649e-04 4.114649287956240187e-01 1.774882833297889428e-01
-1.804338682610178823e+00 -3.222257745345654900e+00 -7.028881182786046455e-01 -1.243682521362082516e-01 -3.331807609173604301e-01 2.899631640483365524e-01 5.921189464667500667e-08 -4.648725848710455466e-04 -1.405320304570523149e-04 -4.648725848710455466e-04 3.650942718517550034e+00 5.895876675765521213e-01 -1.405320304570523149e-04 5.895876675765521213e-01 -1.223887213797070078e-01
-2.554259451799009706e-01 8.021834533462004480e-01 -4.410219979026711590e-01 2.057297830708838537e-01 5.377679991254018521e-01 1.951482164357431770e-01 1.073215590470984585e-06 -1.490696455164197687e-03 -6.066258606551855337e-04 -1.490696455164197687e-03 6.274233725160153208e-01 2.498406814765985473e-01 -6.066258606551855337e-04 2.498406814765985473e-01 7.999888159323138848e-02
-1.096553520373837021e+00 -5.984507903053946087e-01 2.001395560709598787e+00 9.720979864484091681e-02 3.330875817840807107e-01 -7.822115424676441553e-02 -3.293661639721297454e-06 -4.500178008015609521e-04 -1.831867990631508292e-04 -4.500178008015609521e-04 2.387680490360347907e+00 1.714631547855560711e-01 -1.831867990631508292e-04 1.714631547855560711e-01 -9.640065782671550232e-02
-1.650773231500918536e-01 1.476366625252430564e+00 7.181721064625866680e-01 5.505479990635389620e-02 6.550562616436232943e-01 -3.078112479959984049e-01 6.365278674517563600e-06 -2.154632028350533801e-03 -8.236300530484186311e-04 -2.154632028350533801e-03 1.917420511254874560e+00 4.040999979082471327e-01 -8.236300530484186311e-04 4.040999979082471327e-01 5.200438598270314128e-02
1.443315798017907658e+00 6.339806833126993002e-01 -4.864660957782322548e+00 3.154543399949671367e-01 -2.061328826403683590e-01 2.771349265969800801e-01 5.491903228479106557e-06 8.694378550444525899e-04 5.421885163059414481e-04 8.694378550444525899e-04 7.127649951736239942e+00 1.600969712356459240e+00 5.421885163059414481e-04 1.600969712356459240e+00 9.541852937407686586e-01
1.158364752214841031e+00 -2.711893776906854292e+00 -4.748257200377383747e-01 -8.232138206642024281e-02 -4.124027200008640315e-01 -4.807781311547222880e-01 6.890784239506803798e-06 -1.151168049773332314e-03 -3.894440325780124112e-04 -1.151168049773332314e-03 3.769362192744077689e+00 6.353407799863930450e-01 -3.894440325780124112e-04 6.353407799863930450e-01 4.162635717600929874e-01
5.776035029607289040e-02 2.906689722915922314e+00 2.030875341678153756e+00 -4.306819943341326784e-01 -2.471775686120233628e-01 -2.426756054046632916e-01 4.278059388222269304e-06 -6.663780638405114587e-04 -1.848521336000885640e-04 -6.663780638405114587e-04 3.945181329771211054e+00 6.863458024142232716e-01 -1.848521336000885640e-04 6.863458024142232716e-01 5.861007975245986767e-02
-6.532366280272992043e-01 1.077593890385571518e+00 -5.922646567507823256e-01 -3.136148953086579372e-01 -1.022460278357546631e-01 6.526510296923563326e-01 5.876780543682494723e-06 -2.209010752096673968e-03 -8.576472865229334275e-04 -2.209010752096673968e-03 1.548603467682596380e+00 3.864681019649651716e-01 -8.576472865229334275e-04 3.864681019649651716e-01 1.685369029521173734e-01
1.657536597326668915e+00 -7.895778112363885937e-01 3.253508687489323203e-01 -3.807969452140119726e-01 -9.399653625411336089e-02 5.837624440627561251e-01 6.032211767130016638e-06 -1.950284378438027488e-03 -7.480682739924304769e-04 -1.950284378438027488e-03 2.297780691643917184e+00 4.103451578529870858e-01 -7.480682739924304769e-04 4.103451578529870858e-01 2.754970918061871443e-01
4.908415351380406855e-01 2.585095203914482109e+00 1.132461585609638943e+00 -1.453921989503818568e-01 2.961349033191959523e-01 -6.554024749998849098e-01 1.597240858094058430e-05 -1.811417682517912908e-03 -4.848343948538058612e-04 -1.811417682517912908e-03 3.873898046791168337e+00 7.658259804088629608e-01 -4.848343948538058612e-04 7.658259804088629608e-01 -3.300901033990536609e-02
6.793851036265795562e-01 -1.544035206522745840e+00 9.562891803360988874e-01 1.864863768905448416e-01 2.926424679269064022e-01 -1.133568905029919832e-01 -3.456494349999653464e-06 -4.967581901382800424e-04 -2.044808766754613316e-04 -4.967581901382800424e-04 2.081978648741748206e+00 1.267556726247676124e-01 -2.044808766754613316e-04 1.267556726247676124e-01 -6.636439546052011820e-03
-3.358304887000080896e-01 2.087891822714897094e-01 -1.462651571825204000e+00 -1.447112277572936423e-01 2.682773008115079683e-01 -1.002306726019333905e+00 5.323149328736083441e-05 -1.032454122196213575e-02 -2.792033271248328674e-03 -1.032454122196213575e-02 3.335352934582165751e+00 1.143243721912767796e+00 -2.792033271248328674e-03 1.143243721912767796e+00 2.559829311484425607e-01
5.070683843989255424e-01 3.665341090556346604e-01 -2.989585427015279517e+00 5.661477716438138019e-01 -1.852674021330455098e-02 3.704725661949909155e-02 3.212245284582119026e-06 -9.673373213558988937e-04 -3.341993348726646218e-04 -9.673373213558988937e-04 3.256003067164669584e+00 5.145727621780338268e-01 -3.341993348726646218e-04 5.145727621780338268e-01 -1.363855473002217600e-01
1.295971933579495916e+00 6.922584949290665479e-01 -1.021788499493464508e+00 3.345955101853750335e-01 -3.200051560903745540e-01 6.900531686316384583e-01 1.327826737451687053e-05 -3.122146985390372720e-03 -1.094524471056956827e-03 -3.122146985390372720e-03 2.337356360312033310e+00 5.731342511694492714e-01 -1.094524471056956827e-03 5.731342511694492714e-01 1.318120205577126003e-01
5.988457600465199038e-01 -1.251889710767640218e-01 1.037122870091978566e+00 -1.971645750043994894e-01 -5.198168598334976798e-01 -2.335595122851265304e-02 3.700743415417188115e-07 -1.229483181930390856e-03 -5.017763982095857500e-04 -1.229483181930390856e-03 1.137304450615772344e+00 2.107731988942873613e-01 -5.017763982095857500e-04 2.107731988942873613e-01 6.615423764344539881e-02
-1.231842332112627281e+00 -3.960959588414044941e+00 1.024095511128219504e+00 3.034203330887559891e-01 1.842438465380978052e-01 -4.880213328402622369e-02 -2.383278759528669091e-06 -2.295719170319898694e-04 -5.782041512247815263e-05 -2.295719170319898694e-04 3.689593874867113765e+00 6.020912435289460518e-01 -5.782041512247815263e-05 6.020912435289460518e-01 -2.611935778773499250e-01
-3.413723325220091587e-01 3.816830570058346583e-01 1.634228703060098375e+00 3.708249096748331142e-01 6.304164581197942985e-01 -2.729896076289635154e-01 9.200048130727129402e-06 -2.574762625329185539e-03 -9.542366896653220465e-04 -2.574762625329185539e-03 2.147513670595439184e+00 4.842359846435329018e-01 -9.542366896653220465e-04 4.842359846435329018e-01 2.333886787534803497e-01
1.771217709005116769e-01 -2.117685327237385159e-02 9.669697654329318937e-01 3.733080298543050568e-01 -9.230267993373882096e-02 1.485210361650351751e-01 -2.679338232762044310e-06 -6.718181566611747257e-04 -2.794209308376593981e-04 -6.718181566611747257e-04 6.724098093139710963e-01 1.086380096992911604e-01 -2.794209308376593981e-04 1.086380096992911604e-01 -5.779850672145887130e-03
-1.453068554136846213e+00 2.415333670755470119e-01 -2.795384463992031110e-01 -2.504244328947416998e-01 2.666948606953847278e-01 -7.159409834846619525e-01 9.459100169806332030e-06 -2.801447962497150002e-03 -1.042077535373664432e-03 -2.801447962497150002e-03 1.818224393268508043e+00 4.866437919304189563e-01 -1.042077535373664432e-03 4.866437919304189563e-01 2.356023228363331445e-01
4.853458652729430334e+00 -5.595167781882661728e+00 -7.401532008492462539e-03 3.302919198902878190e-02 4.086393193089609133e-01 1.389783942693672281e-01 6.763478666016452289e-05 2.916520358553498227e-02 1.753912570734428300e-02 2.916520358553498227e-02 4.081139340546731376e+01 1.665714042253796379e+01 1.753912570734428300e-02 1.665714042253796379e+01 7.332571660967345473e+00
-5.444802577919557462e-01 -2.332586711782971278e+00 -4.537210228508431475e-01 3.467243925139545935e-01 6.873883938062953503e-01 -1.152437121051334695e-01 1.569855356819971009e-05 -2.347966265858758561e-03 -7.668754520295806287e-04 -2.347966265858758561e-03 3.475488859668492303e+00 6.841154531755933021e-01 -7.668754520295806287e-04 6.841154531755933021e-01 3.865156121089322605e-01
-1.353447581841804137e+00 -7.335036884088521614e-01 -1.950137829874880047e-01 9.345416764599914217e-01 6.211019334139483705e-02 -3.013931444880856708e-02 2.270036011016902955e-05 -4.868172531757863908e-03 -1.577848962597272475e-03 -4.868172531757863908e-03 2.253510422711712646e+00 7.290831494088934051e-01 -1.577848962597272475e-03 7.290831494088934051e-01 2.274740544076317983e-01
-2.881807460543443611e+00 -1.500417717773128379e+00 -2.707640658818402546e+00 4.848956363188317714e-02 3.553312889548223552e-01 -1.590474048352230052e-01 -1.310063169057684506e-06 -1.964428619771751983e-04 -5.266898028821742628e-05 -1.964428619771751983e-04 4.356233166783832544e+00 7.111611077803559056e-01 -5.266898028821742628e-05 7.111611077803559056e-01 6.030598317015762877e-01
7.929787241762317196e-01 4.514101340849602240e-01 -1.203878826446586947e+00 9.918819648337294514e-02 7.458133601015465297e-02 3.657357351246662835e-01 -3.108624468950437890e-06 -5.749622999928760692e-04 -2.380762254006185685e-04 -5.749622999928760692e-04 -1.103655559534880979e+02 -8.563500952796232468e+00 -2.380762254006185685e-04 -8.563500952796232468e+00 9.420363008179793995e-02
1.316719633382965382e+00 5.655281561904400567e-01 1.287098566984689940e+00 1.658204933720328761e-02 -1.865319699742349346e-01 -4.036684355313070460e-01 -1.776356839400250253e-06 -7.409184377138444688e-04 -3.022027073029676103e-04 -7.409184377138444688e-04 2.085110728522465262e+00 1.759191681216520919e-01 -3.022027073029676103e-04 1.759191681216520919e-01 -2.268668216250564751e-02
-2.490262299574234284e+00 -5.079607692657244628e-02 4.142026096999592011e-01 -1.569000138179616616e-02 -5.405708012359989878e-01 -5.101122559928888966e-01 1.255292166509510215e-05 -2.080513539226558350e-03 -6.774802940867630241e-04 -2.080513539226558350e-03 3.288703376291834513e+00 6.345453273937096128e-01 -6.774802940867630241e-04 6.345453273937096128e-01 4.836844258448990547e-02
4.703522565275638501e-01 -1.179640748278524720e+00 1.143391802062668994e+00 -5.855817122877046144e-01 7.156305990168505826e-02 -2.270202498922074263e-01 2.701542693254547017e-06 -1.560107598663762474e-03 -6.180167488878396398e-04 -1.560107598663762474e-03 1.977325111054047291e+00 3.106660262375271486e-01 -6.180167488878396398e-04 3.106660262375271486e-01 1.511952711178802533e-01
8.323225542886426576e-01 1.938311371221231649e+00 2.957999552869614024e-01 3.537272501061940466e-01 -3.133617073868106284e-01 -1.093369086909542071e-01 -8.585724723767875834e-07 -8.568479259452033148e-04 -3.467226505904363876e-04 -8.568479259452033148e-04 2.385849814009096015e+00 2.333067294912893885e-01 -3.467226505904363876e-04 2.333067294912893885e-01 1.730980544086453965e-01
-2.534697981290424007e+00 -2.073864283208735892e-01 1.576911572513366444e+00 1.895856790179246409e-01 3.633469548232681756e-01 -3.625944280912333229e-01 2.102022259956962909e-06 -8.739453605244307255e-04 -3.265165915422585385e-04 -8.739453605244307255e-04 3.400375359063900316e+00 4.875218007072135151e-01 -3.265165915422585385e-04 4.875218007072135151e-01 3.581588655284424494e-01
3.454315650766139334e-01 -1.613627291439923839e-01 2.320824217884449314e-01 1.760865763907510650e-01 -1.478583357447638136e-01 -4.250626804802425940e-01 -1.509903313490212683e-06 -9.350964447207843477e-04 -3.892663968940723862e-04 -9.350964447207843477e-04 -5.103056199828869266e-01 1.589641085431026113e-01 -3.892663968940723862e-04 1.589641085431026113e-01 9.100630619466679172e-02
-4.877890065952182330e-01 -8.782796190501103162e-01 1.267456009465358413e+00 -5.736116998944186529e-02 9.784472678390701561e-02 -6.811941566160006900e-02 -5.565918096787450891e-06 -6.679101716144941747e-05 -2.795541576006144169e-05 -6.679101716144941747e-05 1.750213907136810354e+00 1.370477065165687236e-02 -2.795541576006144169e-05 1.370477065165687236e-02 7.223742345037938162e-02
1.035463660265794728e+00 -2.528411698338901559e-01 7.855660681573032322e-01 2.843542514628730200e-01 4.465154733802649267e-01 5.682395126541808228e-01 7.579122514774400853e-06 -2.566302725881541846e-03 -9.787282095885529998e-04 -2.566302725881541846e-03 1.430488956917959520e+00 4.338149617311160000e-01 -9.787282095885529998e-04 4.338149617311160000e-01 1.143367696817184087e-01
4.295968974181120226e-01 -2.288725346229540936e+00 2.574847429448611003e+00 2.512094924549056474e-01 3.085540099793396829e-01 -3.807265499741296910e-01 3.604524086616341286e-06 -7.496891996083832055e-04 -2.149835864884153125e-04 -7.496891996083832055e-04 3.651209549519288444e+00 6.322378620637891800e-01 -2.149835864884153125e-04 6.322378620637891800e-01 -2.405617186932810236e-01
5.234952914188765183e-01 -4.316105741008463781e+00 -2.473407308274942817e+00 1.810092287214202511e-01 1.768681382182853146e-01 -1.666249639313793773e-01 -3.116025955781272408e-06 -3.070876886113182991e-05 2.169375790117555880e-05 -3.070876886113182991e-05 4.538351590828900051e+00 8.299181342152905927e-01 2.169375790117555880e-05 8.299181342152905927e-01 2.265482172229363877e-01
-7.875792328649857676e-01 1.331605924435268262e+00 -1.141082375708600383e+00 -4.501192976682397845e-02 2.729516407264020450e-01 2.683140704054231551e-01 -2.982799192826253623e-06 -5.551115123125782702e-04 -2.279731958765296440e-04 -5.551115123125782702e-04 2.054039331215543829e+00 1.367073343416791431e-01 -2.279731958765296440e-04 1.367073343416791431e-01 -4.821949506350619447e-02
1.336976151440055549e+00 -5.680450752240625567e-01 -3.893242885549967891e-01 1.303945012943979187e-01 -2.386224496951202534e-01 9.715359657584747566e-02 -4.381680203853950864e-06 -3.207656362747002277e-04 -1.336930566253613506e-04 -3.207656362747002277e-04 1.607944200010535729e+00 5.683509218812332620e-02 -1.336930566253613506e-04 5.683509218812332620e-02 6.491165382982443111e-02
1.323343246930738681e+00 -8.055078665822770212e-01 3.806496245112410470e+00 -5.911364061913616796e-02 8.274696786966767581e-02 1.599882727197182997e-01 -5.018208071305706716e-06 -8.129052986305396189e-05 -2.944311461305915145e-05 -8.129052986305396189e-05 3.390802934729227225e+00 4.245751972220546122e-01 -2.944311461305915145e-05 4.245751972220546122e-01 7.358228841051564495e-02
8.416009002389487348e-01 -3.359059300078681698e+00 4.931781098791517270e-01 -1.437847458947908164e-01 2.313740195225350571e-01 2.561917849932459634e-01 -2.375877272697834573e-06 -3.834266237845440628e-04 -1.401767590891722648e-04 -3.834266237845440628e-04 3.132790131014454360e+00 4.044668600045042695e-01 -1.401767590891722648e-04 4.044668600045042695e-01 -1.949115905712043295e-01
-4.289108612328915160e-01 1.080001092405040719e+00 -7.307990855018223764e-01 2.793963698757165881e-01 2.461124284168502985e-01 1.641129653903261321e-01 -2.842170943040400320e-06 -6.441291944270233216e-04 -2.666977749754551041e-04 -6.441291944270233216e-04 1.408396969419337896e+00 1.114247139000212883e-01 -2.666977749754551041e-04 1.114247139000212883e-01 3.739871375548393939e-02
-1.137360490949987035e+00 1.565888174195342986e+00 -2.756991965662289323e-01 -5.106557986368871482e-01 1.296800283303271017e-01 -3.505095562450414315e-01 3.190040824089615895e-06 -1.528044357712587953e-03 -5.976996675371992751e-04 -1.528044357712587953e-03 2.280680592529430672e+00 3.435054463096776090e-01 -5.976996675371992751e-04 3.435054463096776090e-01 1.243194880373721251e-01
-7.562978732886855848e-01 -2.659584431211582611e+00 -2.286868067688904382e+00 -5.033330056235565397e-01 3.479794408485955559e-01 -2.595359698040219376e-01 1.653492158008399582e-05 -4.770850381419222686e-04 9.148237722911289893e-05 -4.770850381419222686e-04 5.306892258971628529e+00 1.079518874291807151e+00 9.148237722911289893e-05 1.079518874291807151e+00 3.845442186900526749e-01
-8.990922937168736861e-02 9.898812961766498830e-01 6.579647211091313452e-02 -7.091332762889901442e-02 3.242603427233200497e-01 7.265181412514134518e-01 7.860379014346106612e-06 -2.745825788963429659e-03 -1.056488230233298964e-03 -2.745825788963429659e-03 7.925305004855922597e-01 4.457856306316898554e-01 -1.056488230233298964e-03 4.457856306316898554e-01 1.697488742162060193e-01
-3.318370353756984414e+00 -1.049511350189316294e+00 3.368894013979796265e-01 -6.839907744488182839e-02 2.632891407473405554e-01 4.654361661592757438e-01 3.227048258243788062e-06 -7.022826764568890212e-04 -2.069011628691441729e-04 -7.022826764568890212e-04 3.680485020455629197e+00 6.261330343093618467e-01 -2.069011628691441729e-04 6.261330343093618467e-01 -1.470314758833523860e-01
-1.213245630401445174e+00 -5.599470273983269131e+00 -2.864978824903742893e+00 2.461411145280342772e-01 -1.683160040319280903e-01 1.989899136797449730e-01 1.850371707708593952e-06 1.127098414599458920e-03 7.467360063628802891e-04 1.127098414599458920e-03 7.992688570250074953e+00 2.180592462153185807e+00 7.467360063628802891e-04 2.180592462153185807e+00 3.748512759453129783e-01
6.977147887817239380e-02 -1.005454193110126987e-01 -5.881062249323970592e-01 8.956419362999120670e-01 1.411240106924702697e-01 4.798094518872085268e-01 2.020605904817784565e-05 -5.794054125374259456e-03 -1.939315374954730942e-03 -5.794054125374259456e-03 2.644264289012691060e-01 8.025974995717888305e-01 -1.939315374954730942e-03 8.025974995717888305e-01 2.946625462148707020e-01
-2.888672635586402748e+00 -1.551185007294725304e+00 -3.865392129383968256e-01 9.706130658196553129e-03 4.328842695607786062e-03 2.612626050768982466e-01 -4.470498045823963387e-06 -2.049693748062964005e-04 -8.046896482483134605e-05 -2.049693748062964005e-04 2.899217873183109084e+00 2.796566311857873188e-01 -8.046896482483134605e-05 2.796566311857873188e-01 -1.060502574645738466e-01
-7.016360982317864092e-01 -2.422134457665458263e-01 -9.066473597769463266e-01 -3.031989157019955861e-01 1.983002528352135248e-03 2.264790190407141302e-01 -3.301063126552131549e-06 -5.617506459998367063e-04 -2.336575377626104455e-04 -5.617506459998367063e-04 1.054955293492791046e+00 9.022731450869514447e-02 -2.336575377626104455e-04 9.022731450869514447e-02 1.201201360601089445e-02
4.380036098426119406e-01 -4.878910993672342378e-01 3.739853038273440178e-01 2.877134459901617425e-02 3.080666016612235714e-01 7.301832639738996440e-03 -4.174438572590587745e-06 -3.790079361465359398e-04 -1.589395282053374103e-04 -3.790079361465359398e-04 1.761025177534255026e-01 5.776930045442441042e-02 -1.589395282053374103e-04 5.776930045442441042e-02 2.391794910276227176e-02
8.814206923803049598e-01 -2.303521937239448314e-01 -1.696679352029232479e+00 -2.937825334558722967e-01 -5.216022486884623888e-01 -3.756214363383178489e-01 6.187642990577538554e-06 -1.979505448446161608e-03 -7.486455899652355583e-04 -1.979505448446161608e-03 2.299488266466198194e+00 4.220263694065806703e-01 -7.486455899652355583e-04 4.220263694065806703e-01 6.984612147912608315e-02
6.381545507584059085e-02 4.736981093154636890e-01 6.899142281248334951e-01 2.305437309683602554e-01 -2.043415695590545256e-01 -3.534469003360115047e-01 -1.724546431584409685e-06 -8.750555835490558820e-04 -3.629985201314411825e-04 -8.750555835490558820e-04 3.588163544065991473e-01 1.444052211141411135e-01 -3.629985201314411825e-04 1.444052211141411135e-01 1.420895253308647813e-02
1.621930105590141669e-01 1.238356141980271774e+00 1.427801906860391545e+00 1.072627064826796733e-01 1.160920854591879076e-01 5.250282637991334767e-01 6.365278674517563812e-07 -1.140243455211020773e-03 -4.562128452789693256e-04 -1.140243455211020773e-03 2.075799443446157522e+00 2.529445097820826049e-01 -4.562128452789693256e-04 2.529445097820826049e-01 -7.460116228467464361e-02
5.172957183300223027e-01 7.221089510681666379e-01 1.534482759741438024e-02 6.239155578631886412e-01 7.613162663201256120e-02 -1.839215046597914016e-01 2.657133772269541179e-06 -1.747935129969846457e-03 -7.059020035171670315e-04 -1.747935129969846457e-03 4.945247988885625445e-01 2.919204433737832005e-01 -7.059020035171670315e-04 2.919204433737832005e-01 9.299139976567022403e-02
-2.614355886068937984e+00 -9.202283510371891406e-01 -1.206081162799406359e+00 -2.242942799132355558e-01 7.467903889843167942e-02 9.530459675253596941e-02 -4.655535216594822528e-06 -2.029931778224636219e-04 -8.286704655802168418e-05 -2.029931778224636219e-04 2.966171782266731505e+00 2.344786809160837038e-01 -8.286704655802168418e-05 2.344786809160837038e-01 3.299706878105249652e-01
-4.128717810765099028e-01 1.216717679758606785e+00 9.105293654585980834e-01 -3.321563160129271663e-01 -4.105118991546805735e-02 -2.515945438759205621e-01 -2.531308496145356489e-06 -6.740830116314100451e-04 -2.779776409056466946e-04 -6.740830116314100451e-04 1.700576931125870495e+00 1.284647943577965634e-01 -2.779776409056466946e-04 1.284647943577965634e-01 4.118806036975304619e-02
-4.998784463633676900e+00 -3.257020527653371467e-01 -1.224149853044050440e+00 -5.161397154452066482e-01 3.101125400405986901e-02 1.317982897764436445e-01 1.717144944753575336e-05 2.114708408385013172e-03 1.551780925979073800e-03 2.114708408385013172e-03 8.346121660451897739e+00 2.151016875728828381e+00 1.551780925979073800e-03 2.151016875728828381e+00 1.817681116733637914e-01
-6.445097900773929522e-01 1.826164902725422978e+00 3.339597517608303257e+00 3.190131518678543943e-01 -5.082243797763077442e-01 -3.333389681226925361e-01 3.046451979571429208e-05 8.412381902189736138e-04 9.370726417046171264e-04 8.412381902189736138e-04 7.196900112897234081e+00 1.603758370549712708e+00 9.370726417046171264e-04 1.603758370549712708e+00 7.074158148157038140e-01
-1.524479399806404345e+00 -9.591203716623375453e-01 -5.548613792642401066e+00 -9.685437017660225578e-02 -5.783661148865104629e-02 -2.178426491441228519e-01 -3.508304757815494244e-06 8.246736626915662782e-05 7.669420654110581381e-05 8.246736626915662782e-05 5.079387192334175793e+00 1.089375922802560126e+00 7.669420654110581381e-05 1.089375922802560126e+00 1.088511355125850177e-01
2.332391974764394416e+00 -2.311523630766515680e+00 -1.198054998570360796e+00 -5.089794300343020161e-01 -3.965787821760190512e-01 1.661872068496527410e-01 1.532107773982715687e-05 -8.241851645607312093e-04 -3.166356066230946453e-05 -8.241851645607312093e-04 4.737109623083786580e+00 9.656401900315358944e-01 -3.166356066230946453e-05 9.656401900315358944e-01 -8.935641856074499900e-02
3.565357436066599051e-01 -5.849270005591693522e-01 -2.820408686742484239e+00 -3.490948219131512764e-01 4.506670367911015940e-01 -2.959831156618042969e-01 6.787163423875123086e-06 -1.278288586092912738e-03 -4.277245224670878088e-04 -1.278288586092912738e-03 3.456713796682700846e+00 5.913896927722817054e-01 -4.277245224670878088e-04 5.913896927722817054e-01 7.334763167203087186e-02
6.705533057891793769e-01 -1.873247213462588379e+00 8.393133357364196412e-01 1.091987852151526800e-01 -8.181721431588134807e-02 1.457499734413952308e-01 -5.240252676230738024e-06 -1.448396957925979223e-04 -6.026290577665349701e-05 -1.448396957925979223e-04 2.322719609241611582e+00 7.784539679533963863e-02 -6.026290577665349701e-05 7.784539679533963863e-02 1.907811168303888971e-01
-1.958118534485475959e-01 7.807398159836593798e-01 3.138661389450437267e-01 -4.906899325148246505e-02 4.287036186353914702e-01 3.864692061747708740e-01 7.401486830834376230e-07 -1.349542699813355284e-03 -5.527356350398804352e-04 -1.349542699813355284e-03 4.411989514470822105e-01 2.254733733053626565e-01 -5.527356350398804352e-04 2.254733733053626565e-01 9.768324667665712058e-02
-2.621959404064853616e-01 7.457379151783464222e-01 -2.161594562616339643e-01 4.653092427910038298e-02 -7.548991682992807206e-01 5.086856214094671591e-01 1.281197370417430478e-05 -3.910360923953248857e-03 -1.425770612684118532e-03 -3.910360923953248857e-03 4.901657228254899801e-01 5.957404125567222763e-01 -1.425770612684118532e-03 5.957404125567222763e-01 2.208860279869402921e-01
-1.702188285839373982e+00 -7.545198785840303568e-01 1.976817540439438137e+00 -4.015460368870586438e-01 1.870823621187334617e-03 4.631278603819155570e-01 4.322468309207275566e-06 -1.241740044122252584e-03 -4.513056595101261337e-04 -1.241740044122252584e-03 3.092070333110541025e+00 4.829582733734127942e-01 -4.513056595101261337e-04 4.829582733734127942e-01 4.636431238935755789e-02
2.637977376462010692e+00 6.795617933469733529e+00 -7.303435054105947288e-02 -1.645866097612248835e-01 -2.827556897826888349e-01 -3.494913060113410408e-01 4.572046445143010960e-04 2.265241327847888897e-01 1.268117610919716753e-01 2.265241327847888897e-01 1.887523142970100594e+02 8.760869936175197381e+01 1.268117610919716753e-01 8.760869936175197381e+01 4.650531543563354830e+01
8.213262340010202278e-01 1.895408607996260431e+00 -2.804907038872963998e+00 8.829962085432404976e-05 1.116500580647634688e-01 1.778666464931229207e-01 -4.996003610813203585e-06 -1.288968931589806743e-04 -4.978240042419201927e-05 -1.288968931589806743e-04 2.866994797123822547e+00 2.835879975293664756e-01 -4.978240042419201927e-05 2.835879975293664756e-01 -2.730469702190892467e-01
-2.488881801013413386e-01 -1.026384905669929015e+00 -6.811936849129076599e+00 -1.091412619564484932e-01 -2.496818441721830040e-01 1.463857462062839176e-01 -2.664535259100375168e-07 1.139355276791320648e-03 6.820766174087111722e-04 1.139355276791320648e-03 9.131655254179802839e+00 2.560024014996997721e+00 6.820766174087111722e-04 2.560024014996997721e+00 9.473480962659170945e-01
-2.025210280525258533e+00 -8.983279096321424850e-01 -7.196191243423051276e-01 5.522378789082518225e-01 4.733765374829039252e-01 3.318287796947275714e-01 1.650531563276065944e-05 -2.749889205233557732e-03 -8.669509554692922393e-04 -2.749889205233557732e-03 3.154057940750002231e+00 6.705513921900774221e-01 -8.669509554692922393e-04 6.705513921900774221e-01 -4.939012902364461888e-02
3.246132214850150799e+00 8.669239920818159195e-01 8.636694341028502420e-01 -2.133894929197590884e-01 -4.984926960357633496e-01 -1.485799937044957886e-01 4.374278717023115922e-06 -7.745359908994942089e-04 -2.140732036082226841e-04 -7.745359908994942089e-04 3.704798830680052113e+00 6.530567642215601154e-01 -2.140732036082226841e-04 6.530567642215601154e-01 -2.474520588435779878e-01
-3.162855626023823308e-01 2.191380534814845460e-01 7.573748922207741430e-01 -1.556057754808652313e-02 -2.481253283473381643e-01 -6.616406931518542534e-01 3.893182073018881986e-06 -2.065569937315103743e-03 -8.246514582310737751e-04 -2.065569937315103743e-03 4.027731925759780451e-01 3.426275485551855127e-01 -8.246514582310737751e-04 3.426275485551855127e-01 7.536196851750294468e-02
