2.098646188048832784e+01 1.397561498418013137e+00 9.869893185188843177e+00 6.969119808312721709e+00 1.000000000000000056e-01
2.098646188048832784e+01 1.397561498418013137e+00 9.869893185188843177e+00 6.969119808312721709e+00 1.000000000000000056e-01
2.102668072065663551e+01 1.388348756070360013e+00 9.869893185188843177e+00 6.878882102744802829e+00 1.000000000000000056e-01
2.107169823791982211e+01 1.344137423831493372e+00 9.869893185188843177e+00 6.957923388124993558e+00 1.000000000000000056e-01
2.089711581197967405e+01 1.187212162743397137e+00 9.869893185188843177e+00 7.055990470237022194e+00 1.000000000000000056e-01
2.089711581197967405e+01 1.187212162743397137e+00 9.869893185188843177e+00 7.055990470237022194e+00 1.000000000000000056e-01
2.087207044795681199e+01 1.142889136915640647e+00 9.869893185188843177e+00 7.212991429708447200e+00 1.000000000000000056e-01
2.087207044795681199e+01 1.142889136915640647e+00 9.869893185188843177e+00 7.212991429708447200e+00 1.000000000000000056e-01
2.087207044795681199e+01 1.142889136915640647e+00 9.869893185188843177e+00 7.212991429708447200e+00 1.000000000000000056e-01
2.086785907363740833e+01 1.098188480441125714e+00 9.869893185188843177e+00 7.144731748023251505e+00 1.000000000000000056e-01
2.086785907363740833e+01 1.098188480441125714e+00 9.869893185188843177e+00 7.144731748023251505e+00 1.000000000000000056e-01
2.086785907363740833e+01 1.098188480441125714e+00 9.869893185188843177e+00 7.144731748023251505e+00 1.000000000000000056e-01
2.086785907363740833e+01 1.098188480441125714e+00 9.869893185188843177e+00 7.144731748023251505e+00 1.000000000000000056e-01
2.086785907363740833e+01 1.098188480441125714e+00 9.869893185188843177e+00 7.144731748023251505e+00 1.000000000000000056e-01
2.086785907363740833e+01 1.098188480441125714e+00 9.869893185188843177e+00 7.144731748023251505e+00 1.000000000000000056e-01
2.086785907363740833e+01 1.098188480441125714e+00 9.869893185188843177e+00 7.144731748023251505e+00 1.000000000000000056e-01
2.093485328694822201e+01 1.097897591675734974e+00 9.869893185188843177e+00 7.028483924092580715e+00 1.000000000000000056e-01
2.093485328694822201e+01 1.097897591675734974e+00 9.869893185188843177e+00 7.028483924092580715e+00 1.000000000000000056e-01
2.103397184713272594e+01 1.098276760291057252e+00 9.869893185188843177e+00 6.875680834454251489e+00 1.000000000000000056e-01
2.103397184713272594e+01 1.098276760291057252e+00 9.869893185188843177e+00 6.875680834454251489e+00 1.000000000000000056e-01
2.106845726906177774e+01 1.106164458172577358e+00 9.869893185188843177e+00 6.838003533306187265e+00 1.000000000000000056e-01
2.106845726906177774e+01 1.106164458172577358e+00 9.869893185188843177e+00 6.838003533306187265e+00 1.000000000000000056e-01
2.121263667231947636e+01 1.002385692780113802e+00 9.869893185188843177e+00 6.783768480092844833e+00 1.000000000000000056e-01
2.121263667231947636e+01 1.002385692780113802e+00 9.869893185188843177e+00 6.783768480092844833e+00 1.000000000000000056e-01
2.121263667231947636e+01 1.002385692780113802e+00 9.869893185188843177e+00 6.783768480092844833e+00 1.000000000000000056e-01
2.136155331460543749e+01 1.109356145660104431e+00 9.869893185188843177e+00 6.763256213451902532e+00 1.000000000000000056e-01
2.137843999089808378e+01 1.080041810434060778e+00 9.869893185188843177e+00 6.667802001377234333e+00 1.000000000000000056e-01
2.138083636422852152e+01 1.051055626505050133e+00 9.869893185188843177e+00 6.610404670851509401e+00 1.000000000000000056e-01
2.138083636422852152e+01 1.051055626505050133e+00 9.869893185188843177e+00 6.610404670851509401e+00 1.000000000000000056e-01
2.138083636422852152e+01 1.051055626505050133e+00 9.869893185188843177e+00 6.610404670851509401e+00 1.000000000000000056e-01
2.138083636422852152e+01 1.051055626505050133e+00 9.869893185188843177e+00 6.610404670851509401e+00 1.000000000000000056e-01
2.138083636422852152e+01 1.051055626505050133e+00 9.869893185188843177e+00 6.610404670851509401e+00 1.000000000000000056e-01
2.138083636422852152e+01 1.051055626505050133e+00 9.869893185188843177e+00 6.610404670851509401e+00 1.000000000000000056e-01
2.138083636422852152e+01 1.051055626505050133e+00 9.869893185188843177e+00 6.610404670851509401e+00 1.000000000000000056e-01
2.138083636422852152e+01 1.051055626505050133e+00 9.869893185188843177e+00 6.610404670851509401e+00 1.000000000000000056e-01
2.143312142609136828e+01 1.050976433409433586e+00 9.869893185188843177e+00 6.529210176980443592e+00 1.000000000000000056e-01
2.143312142609136828e+01 1.050976433409433586e+00 9.869893185188843177e+00 6.529210176980443592e+00 1.000000000000000056e-01
2.143312142609136828e+01 1.050976433409433586e+00 9.869893185188843177e+00 6.529210176980443592e+00 1.000000000000000056e-01
2.143312142609136828e+01 1.050976433409433586e+00 9.869893185188843177e+00 6.529210176980443592e+00 1.000000000000000056e-01
2.143312142609136828e+01 1.050976433409433586e+00 9.869893185188843177e+00 6.529210176980443592e+00 1.000000000000000056e-01
2.143312142609136828e+01 1.050976433409433586e+00 9.869893185188843177e+00 6.529210176980443592e+00 1.000000000000000056e-01
2.143312142609136828e+01 1.050976433409433586e+00 9.869893185188843177e+00 6.529210176980443592e+00 1.000000000000000056e-01
2.143312142609136828e+01 1.050976433409433586e+00 9.869893185188843177e+00 6.529210176980443592e+00 1.000000000000000056e-01
2.143312142609136828e+01 1.050976433409433586e+00 9.869893185188843177e+00 6.529210176980443592e+00 1.000000000000000056e-01
2.143312142609136828e+01 1.050976433409433586e+00 9.869893185188843177e+00 6.529210176980443592e+00 1.000000000000000056e-01
2.143312142609136828e+01 1.050976433409433586e+00 9.869893185188843177e+00 6.529210176980443592e+00 1.000000000000000056e-01
2.143312142609136828e+01 1.050976433409433586e+00 9.869893185188843177e+00 6.529210176980443592e+00 1.000000000000000056e-01
2.143312142609136828e+01 1.050976433409433586e+00 9.869893185188843177e+00 6.529210176980443592e+00 1.000000000000000056e-01
2.143312142609136828e+01 1.050976433409433586e+00 9.869893185188843177e+00 6.529210176980443592e+00 1.000000000000000056e-01
2.143312142609136828e+01 1.050976433409433586e+00 9.869893185188843177e+00 6.529210176980443592e+00 1.000000000000000056e-01
2.142510105676332088e+01 1.053767704611419997e+00 9.869893185188843177e+00 6.523753163124576204e+00 1.000000000000000056e-01
2.142510105676332088e+01 1.053767704611419997e+00 9.869893185188843177e+00 6.523753163124576204e+00 1.000000000000000056e-01
2.133744336323645285e+01 1.071866350682171065e+00 9.869893185188843177e+00 6.430213219535048097e+00 1.000000000000000056e-01
2.133744336323645285e+01 1.071866350682171065e+00 9.869893185188843177e+00 6.430213219535048097e+00 1.000000000000000056e-01
2.133744336323645285e+01 1.071866350682171065e+00 9.869893185188843177e+00 6.430213219535048097e+00 1.000000000000000056e-01
2.133744336323645285e+01 1.071866350682171065e+00 9.869893185188843177e+00 6.430213219535048097e+00 1.000000000000000056e-01
2.133744336323645285e+01 1.071866350682171065e+00 9.869893185188843177e+00 6.430213219535048097e+00 1.000000000000000056e-01
2.133744336323645285e+01 1.071866350682171065e+00 9.869893185188843177e+00 6.430213219535048097e+00 1.000000000000000056e-01
2.133744336323645285e+01 1.071866350682171065e+00 9.869893185188843177e+00 6.430213219535048097e+00 1.000000000000000056e-01
2.125290078201386379e+01 1.095110479492492850e+00 9.869893185188843177e+00 6.393287939393557551e+00 1.000000000000000056e-01
2.125290078201386379e+01 1.095110479492492850e+00 9.869893185188843177e+00 6.393287939393557551e+00 1.000000000000000056e-01
2.125290078201386379e+01 1.095110479492492850e+00 9.869893185188843177e+00 6.393287939393557551e+00 1.000000000000000056e-01
2.125290078201386379e+01 1.095110479492492850e+00 9.869893185188843177e+00 6.393287939393557551e+00 1.000000000000000056e-01
2.125290078201386379e+01 1.095110479492492850e+00 9.869893185188843177e+00 6.393287939393557551e+00 1.000000000000000056e-01
2.125290078201386379e+01 1.095110479492492850e+00 9.869893185188843177e+00 6.393287939393557551e+00 1.000000000000000056e-01
2.130062334902689258e+01 1.039968159277122828e+00 9.869893185188843177e+00 6.334051788697636631e+00 1.000000000000000056e-01
2.130062334902689258e+01 1.039968159277122828e+00 9.869893185188843177e+00 6.334051788697636631e+00 1.000000000000000056e-01
2.130062334902689258e+01 1.039968159277122828e+00 9.869893185188843177e+00 6.334051788697636631e+00 1.000000000000000056e-01
2.139373962743255930e+01 1.101838761745200346e+00 9.869893185188843177e+00 6.286097955920640246e+00 1.000000000000000056e-01
2.131333846034900859e+01 1.062819475684612547e+00 9.869893185188843177e+00 6.224793711577776278e+00 1.000000000000000056e-01
2.134891145026199410e+01 1.106563325976375189e+00 9.869893185188843177e+00 6.108991072344345241e+00 1.000000000000000056e-01
2.134891145026199410e+01 1.106563325976375189e+00 9.869893185188843177e+00 6.108991072344345241e+00 1.000000000000000056e-01
2.134891145026199410e+01 1.106563325976375189e+00 9.869893185188843177e+00 6.108991072344345241e+00 1.000000000000000056e-01
2.134891145026199410e+01 1.106563325976375189e+00 9.869893185188843177e+00 6.108991072344345241e+00 1.000000000000000056e-01
2.134891145026199410e+01 1.106563325976375189e+00 9.869893185188843177e+00 6.108991072344345241e+00 1.000000000000000056e-01
2.136528303599247991e+01 1.091265126139651542e+00 9.869893185188843177e+00 6.089987024469821542e+00 1.000000000000000056e-01
2.130011503702435505e+01 1.068431400684790367e+00 9.869893185188843177e+00 5.970660725496934162e+00 1.000000000000000056e-01
2.130011503702435505e+01 1.068431400684790367e+00 9.869893185188843177e+00 5.970660725496934162e+00 1.000000000000000056e-01
2.130011503702435505e+01 1.068431400684790367e+00 9.869893185188843177e+00 5.970660725496934162e+00 1.000000000000000056e-01
2.130011503702435505e+01 1.068431400684790367e+00 9.869893185188843177e+00 5.970660725496934162e+00 1.000000000000000056e-01
2.130011503702435505e+01 1.068431400684790367e+00 9.869893185188843177e+00 5.970660725496934162e+00 1.000000000000000056e-01
2.130011503702435505e+01 1.068431400684790367e+00 9.869893185188843177e+00 5.970660725496934162e+00 1.000000000000000056e-01
2.130011503702435505e+01 1.068431400684790367e+00 9.869893185188843177e+00 5.970660725496934162e+00 1.000000000000000056e-01
2.130011503702435505e+01 1.068431400684790367e+00 9.869893185188843177e+00 5.970660725496934162e+00 1.000000000000000056e-01
2.130011503702435505e+01 1.068431400684790367e+00 9.869893185188843177e+00 5.970660725496934162e+00 1.000000000000000056e-01
2.130011503702435505e+01 1.068431400684790367e+00 9.869893185188843177e+00 5.970660725496934162e+00 1.000000000000000056e-01
2.118792817311642551e+01 1.094671653168514780e+00 9.869893185188843177e+00 5.772064568183441935e+00 1.000000000000000056e-01
2.117678955334434221e+01 1.106995531330246196e+00 9.869893185188843177e+00 5.610802013277726985e+00 1.000000000000000056e-01
2.117678955334434221e+01 1.106995531330246196e+00 9.869893185188843177e+00 5.610802013277726985e+00 1.000000000000000056e-01
2.117678955334434221e+01 1.106995531330246196e+00 9.869893185188843177e+00 5.610802013277726985e+00 1.000000000000000056e-01
2.117678955334434221e+01 1.106995531330246196e+00 9.869893185188843177e+00 5.610802013277726985e+00 1.000000000000000056e-01
2.117678955334434221e+01 1.106995531330246196e+00 9.869893185188843177e+00 5.610802013277726985e+00 1.000000000000000056e-01
2.117678955334434221e+01 1.106995531330246196e+00 9.869893185188843177e+00 5.610802013277726985e+00 1.000000000000000056e-01
2.117678955334434221e+01 1.106995531330246196e+00 9.869893185188843177e+00 5.610802013277726985e+00 1.000000000000000056e-01
2.117678955334434221e+01 1.106995531330246196e+00 9.869893185188843177e+00 5.610802013277726985e+00 1.000000000000000056e-01
2.109431199520234301e+01 1.090206618659794291e+00 9.869893185188843177e+00 5.610630640684584947e+00 1.000000000000000056e-01
2.109431199520234301e+01 1.090206618659794291e+00 9.869893185188843177e+00 5.610630640684584947e+00 1.000000000000000056e-01
2.109431199520234301e+01 1.090206618659794291e+00 9.869893185188843177e+00 5.610630640684584947e+00 1.000000000000000056e-01
2.109431199520234301e+01 1.090206618659794291e+00 9.869893185188843177e+00 5.610630640684584947e+00 1.000000000000000056e-01
2.109431199520234301e+01 1.090206618659794291e+00 9.869893185188843177e+00 5.610630640684584947e+00 1.000000000000000056e-01
