2.103914580476243046e+01 1.399999999999999911e+00 9.869893185188843177e+00 7.000000000000000000e+00 1.000000000000000056e-01
2.103914580476243046e+01 1.399999999999999911e+00 9.869893185188843177e+00 7.000000000000000000e+00 1.000000000000000056e-01
2.103914580476243046e+01 1.399999999999999911e+00 9.869893185188843177e+00 7.000000000000000000e+00 1.000000000000000056e-01
2.113134176496049577e+01 1.384653015741800663e+00 9.869893185188843177e+00 6.988454675427563600e+00 1.000000000000000056e-01
2.109175559697201052e+01 1.385438678315628058e+00 9.869893185188843177e+00 6.825080875163596517e+00 1.000000000000000056e-01
2.109175559697201052e+01 1.385438678315628058e+00 9.869893185188843177e+00 6.825080875163596517e+00 1.000000000000000056e-01
2.109175559697201052e+01 1.385438678315628058e+00 9.869893185188843177e+00 6.825080875163596517e+00 1.000000000000000056e-01
2.092938948712689395e+01 1.393441680323816323e+00 9.869893185188843177e+00 6.726381131210473541e+00 1.000000000000000056e-01
2.092938948712689395e+01 1.393441680323816323e+00 9.869893185188843177e+00 6.726381131210473541e+00 1.000000000000000056e-01
2.081958041215303723e+01 1.370506562442144416e+00 9.869893185188843177e+00 6.801419415644386568e+00 1.000000000000000056e-01
2.070438617312091267e+01 1.351331119277340287e+00 9.869893185188843177e+00 6.895111851195873776e+00 1.000000000000000056e-01
2.075114301323561605e+01 1.341653625537728711e+00 9.869893185188843177e+00 6.910683273212807620e+00 1.000000000000000056e-01
2.075114301323561605e+01 1.341653625537728711e+00 9.869893185188843177e+00 6.910683273212807620e+00 1.000000000000000056e-01
2.077155834893779485e+01 1.247161923914242410e+00 9.869893185188843177e+00 6.828350417956515983e+00 1.000000000000000056e-01
2.077155834893779485e+01 1.247161923914242410e+00 9.869893185188843177e+00 6.828350417956515983e+00 1.000000000000000056e-01
2.077155834893779485e+01 1.247161923914242410e+00 9.869893185188843177e+00 6.828350417956515983e+00 1.000000000000000056e-01
2.077155834893779485e+01 1.247161923914242410e+00 9.869893185188843177e+00 6.828350417956515983e+00 1.000000000000000056e-01
2.077155834893779485e+01 1.247161923914242410e+00 9.869893185188843177e+00 6.828350417956515983e+00 1.000000000000000056e-01
2.076107320178832438e+01 1.241149301614657530e+00 9.869893185188843177e+00 6.686043165316764458e+00 1.000000000000000056e-01
2.076107320178832438e+01 1.241149301614657530e+00 9.869893185188843177e+00 6.686043165316764458e+00 1.000000000000000056e-01
2.076107320178832438e+01 1.241149301614657530e+00 9.869893185188843177e+00 6.686043165316764458e+00 1.000000000000000056e-01
2.084739317520829260e+01 1.169810104151814301e+00 9.869893185188843177e+00 6.713251458837739882e+00 1.000000000000000056e-01
2.084739317520829260e+01 1.169810104151814301e+00 9.869893185188843177e+00 6.713251458837739882e+00 1.000000000000000056e-01
2.089152248506384524e+01 1.134434369836579970e+00 9.869893185188843177e+00 6.732886206939566520e+00 1.000000000000000056e-01
2.089152248506384524e+01 1.134434369836579970e+00 9.869893185188843177e+00 6.732886206939566520e+00 1.000000000000000056e-01
2.089152248506384524e+01 1.134434369836579970e+00 9.869893185188843177e+00 6.732886206939566520e+00 1.000000000000000056e-01
2.089152248506384524e+01 1.134434369836579970e+00 9.869893185188843177e+00 6.732886206939566520e+00 1.000000000000000056e-01
2.089152248506384524e+01 1.134434369836579970e+00 9.869893185188843177e+00 6.732886206939566520e+00 1.000000000000000056e-01
2.089152248506384524e+01 1.134434369836579970e+00 9.869893185188843177e+00 6.732886206939566520e+00 1.000000000000000056e-01
2.091020978520965201e+01 1.051748288376097129e+00 9.869893185188843177e+00 6.734935306899199503e+00 1.000000000000000056e-01
2.091020978520965201e+01 1.051748288376097129e+00 9.869893185188843177e+00 6.734935306899199503e+00 1.000000000000000056e-01
2.099851451680896020e+01 1.064097743513804151e+00 9.869893185188843177e+00 6.614547925678105678e+00 1.000000000000000056e-01
2.099851451680896020e+01 1.064097743513804151e+00 9.869893185188843177e+00 6.614547925678105678e+00 1.000000000000000056e-01
2.099851451680896020e+01 1.064097743513804151e+00 9.869893185188843177e+00 6.614547925678105678e+00 1.000000000000000056e-01
2.099851451680896020e+01 1.064097743513804151e+00 9.869893185188843177e+00 6.614547925678105678e+00 1.000000000000000056e-01
2.099851451680896020e+01 1.064097743513804151e+00 9.869893185188843177e+00 6.614547925678105678e+00 1.000000000000000056e-01
2.099851451680896020e+01 1.064097743513804151e+00 9.869893185188843177e+00 6.614547925678105678e+00 1.000000000000000056e-01
2.099851451680896020e+01 1.064097743513804151e+00 9.869893185188843177e+00 6.614547925678105678e+00 1.000000000000000056e-01
2.099851451680896020e+01 1.064097743513804151e+00 9.869893185188843177e+00 6.614547925678105678e+00 1.000000000000000056e-01
2.097319203209075056e+01 1.098869115294260235e+00 9.869893185188843177e+00 6.565256140129761775e+00 1.000000000000000056e-01
2.107192238166263465e+01 1.059693507659809075e+00 9.869893185188843177e+00 6.561408782399592354e+00 1.000000000000000056e-01
2.109114262095527437e+01 1.047043515391508306e+00 9.869893185188843177e+00 6.547578102914612508e+00 1.000000000000000056e-01
2.109114262095527437e+01 1.047043515391508306e+00 9.869893185188843177e+00 6.547578102914612508e+00 1.000000000000000056e-01
2.109114262095527437e+01 1.047043515391508306e+00 9.869893185188843177e+00 6.547578102914612508e+00 1.000000000000000056e-01
2.108324283519834452e+01 1.050842766022913377e+00 9.869893185188843177e+00 6.470541667393508334e+00 1.000000000000000056e-01
2.108324283519834452e+01 1.050842766022913377e+00 9.869893185188843177e+00 6.470541667393508334e+00 1.000000000000000056e-01
2.108324283519834452e+01 1.050842766022913377e+00 9.869893185188843177e+00 6.470541667393508334e+00 1.000000000000000056e-01
2.108324283519834452e+01 1.050842766022913377e+00 9.869893185188843177e+00 6.470541667393508334e+00 1.000000000000000056e-01
2.108324283519834452e+01 1.050842766022913377e+00 9.869893185188843177e+00 6.470541667393508334e+00 1.000000000000000056e-01
2.108324283519834452e+01 1.050842766022913377e+00 9.869893185188843177e+00 6.470541667393508334e+00 1.000000000000000056e-01
2.108324283519834452e+01 1.050842766022913377e+00 9.869893185188843177e+00 6.470541667393508334e+00 1.000000000000000056e-01
2.105239431903109448e+01 1.079830747978778538e+00 9.869893185188843177e+00 6.430311458921828205e+00 1.000000000000000056e-01
2.113598435786651564e+01 1.066385518223074591e+00 9.869893185188843177e+00 6.367394219674093137e+00 1.000000000000000056e-01
2.094957608564338969e+01 1.058747981588907372e+00 9.869893185188843177e+00 6.360086322972205330e+00 1.000000000000000056e-01
2.094957608564338969e+01 1.058747981588907372e+00 9.869893185188843177e+00 6.360086322972205330e+00 1.000000000000000056e-01
2.094957608564338969e+01 1.058747981588907372e+00 9.869893185188843177e+00 6.360086322972205330e+00 1.000000000000000056e-01
2.094957608564338969e+01 1.058747981588907372e+00 9.869893185188843177e+00 6.360086322972205330e+00 1.000000000000000056e-01
2.094957608564338969e+01 1.058747981588907372e+00 9.869893185188843177e+00 6.360086322972205330e+00 1.000000000000000056e-01
2.094957608564338969e+01 1.058747981588907372e+00 9.869893185188843177e+00 6.360086322972205330e+00 1.000000000000000056e-01
2.090782454903359877e+01 1.088274208340003213e+00 9.869893185188843177e+00 6.235782538742034475e+00 1.000000000000000056e-01
2.090782454903359877e+01 1.088274208340003213e+00 9.869893185188843177e+00 6.235782538742034475e+00 1.000000000000000056e-01
2.090782454903359877e+01 1.088274208340003213e+00 9.869893185188843177e+00 6.235782538742034475e+00 1.000000000000000056e-01
2.090782454903359877e+01 1.088274208340003213e+00 9.869893185188843177e+00 6.235782538742034475e+00 1.000000000000000056e-01
2.090782454903359877e+01 1.088274208340003213e+00 9.869893185188843177e+00 6.235782538742034475e+00 1.000000000000000056e-01
2.090782454903359877e+01 1.088274208340003213e+00 9.869893185188843177e+00 6.235782538742034475e+00 1.000000000000000056e-01
2.090782454903359877e+01 1.088274208340003213e+00 9.869893185188843177e+00 6.235782538742034475e+00 1.000000000000000056e-01
2.090782454903359877e+01 1.088274208340003213e+00 9.869893185188843177e+00 6.235782538742034475e+00 1.000000000000000056e-01
2.090782454903359877e+01 1.088274208340003213e+00 9.869893185188843177e+00 6.235782538742034475e+00 1.000000000000000056e-01
2.090782454903359877e+01 1.088274208340003213e+00 9.869893185188843177e+00 6.235782538742034475e+00 1.000000000000000056e-01
2.090782454903359877e+01 1.088274208340003213e+00 9.869893185188843177e+00 6.235782538742034475e+00 1.000000000000000056e-01
2.090782454903359877e+01 1.088274208340003213e+00 9.869893185188843177e+00 6.235782538742034475e+00 1.000000000000000056e-01
2.090782454903359877e+01 1.088274208340003213e+00 9.869893185188843177e+00 6.235782538742034475e+00 1.000000000000000056e-01
2.090782454903359877e+01 1.088274208340003213e+00 9.869893185188843177e+00 6.235782538742034475e+00 1.000000000000000056e-01
2.090782454903359877e+01 1.088274208340003213e+00 9.869893185188843177e+00 6.235782538742034475e+00 1.000000000000000056e-01
2.088193044784388519e+01 1.100124845169836441e+00 9.869893185188843177e+00 6.181460620776213943e+00 1.000000000000000056e-01
2.097983263904288265e+01 1.092876526493822276e+00 9.869893185188843177e+00 6.172519276119651899e+00 1.000000000000000056e-01
2.097983263904288265e+01 1.092876526493822276e+00 9.869893185188843177e+00 6.172519276119651899e+00 1.000000000000000056e-01
2.097983263904288265e+01 1.092876526493822276e+00 9.869893185188843177e+00 6.172519276119651899e+00 1.000000000000000056e-01
2.097983263904288265e+01 1.092876526493822276e+00 9.869893185188843177e+00 6.172519276119651899e+00 1.000000000000000056e-01
2.097983263904288265e+01 1.092876526493822276e+00 9.869893185188843177e+00 6.172519276119651899e+00 1.000000000000000056e-01
2.097983263904288265e+01 1.092876526493822276e+00 9.869893185188843177e+00 6.172519276119651899e+00 1.000000000000000056e-01
2.097983263904288265e+01 1.092876526493822276e+00 9.869893185188843177e+00 6.172519276119651899e+00 1.000000000000000056e-01
2.095232958769251042e+01 1.062195564941085024e+00 9.869893185188843177e+00 6.084558231396159478e+00 1.000000000000000056e-01
2.095232958769251042e+01 1.062195564941085024e+00 9.869893185188843177e+00 6.084558231396159478e+00 1.000000000000000056e-01
2.095232958769251042e+01 1.062195564941085024e+00 9.869893185188843177e+00 6.084558231396159478e+00 1.000000000000000056e-01
2.095232958769251042e+01 1.062195564941085024e+00 9.869893185188843177e+00 6.084558231396159478e+00 1.000000000000000056e-01
2.095232958769251042e+01 1.062195564941085024e+00 9.869893185188843177e+00 6.084558231396159478e+00 1.000000000000000056e-01
2.095232958769251042e+01 1.062195564941085024e+00 9.869893185188843177e+00 6.084558231396159478e+00 1.000000000000000056e-01
2.095232958769251042e+01 1.062195564941085024e+00 9.869893185188843177e+00 6.084558231396159478e+00 1.000000000000000056e-01
2.095232958769251042e+01 1.062195564941085024e+00 9.869893185188843177e+00 6.084558231396159478e+00 1.000000000000000056e-01
2.093833378782844434e+01 1.097184886042824603e+00 9.869893185188843177e+00 6.062895108917137676e+00 1.000000000000000056e-01
2.093833378782844434e+01 1.097184886042824603e+00 9.869893185188843177e+00 6.062895108917137676e+00 1.000000000000000056e-01
2.093833378782844434e+01 1.097184886042824603e+00 9.869893185188843177e+00 6.062895108917137676e+00 1.000000000000000056e-01
2.093833378782844434e+01 1.097184886042824603e+00 9.869893185188843177e+00 6.062895108917137676e+00 1.000000000000000056e-01
2.093780859984877907e+01 1.077993222607313228e+00 9.869893185188843177e+00 6.007954516030689973e+00 1.000000000000000056e-01
2.093780859984877907e+01 1.077993222607313228e+00 9.869893185188843177e+00 6.007954516030689973e+00 1.000000000000000056e-01
2.093780859984877907e+01 1.077993222607313228e+00 9.869893185188843177e+00 6.007954516030689973e+00 1.000000000000000056e-01
2.087572607603278030e+01 1.099580345746297150e+00 9.869893185188843177e+00 5.861705912987073219e+00 1.000000000000000056e-01
2.087572607603278030e+01 1.099580345746297150e+00 9.869893185188843177e+00 5.861705912987073219e+00 1.000000000000000056e-01
2.087572607603278030e+01 1.099580345746297150e+00 9.869893185188843177e+00 5.861705912987073219e+00 1.000000000000000056e-01
