2.106653087331376284e+01 1.366027517805722624e+00 9.869893185188843177e+00 7.016842872311142898e+00 1.000000000000000056e-01
2.104272192665090557e+01 1.323987940958679888e+00 9.869893185188843177e+00 6.929915503839804813e+00 1.000000000000000056e-01
2.101449905120441031e+01 1.327474162244743239e+00 9.869893185188843177e+00 6.890134484634176992e+00 1.000000000000000056e-01
2.107350772298945429e+01 1.300945854706324845e+00 9.869893185188843177e+00 6.864151780313022755e+00 1.000000000000000056e-01
2.107350772298945429e+01 1.300945854706324845e+00 9.869893185188843177e+00 6.864151780313022755e+00 1.000000000000000056e-01
2.107350772298945429e+01 1.300945854706324845e+00 9.869893185188843177e+00 6.864151780313022755e+00 1.000000000000000056e-01
2.107350772298945429e+01 1.300945854706324845e+00 9.869893185188843177e+00 6.864151780313022755e+00 1.000000000000000056e-01
2.107350772298945429e+01 1.300945854706324845e+00 9.869893185188843177e+00 6.864151780313022755e+00 1.000000000000000056e-01
2.106532733593053663e+01 1.282574114504121621e+00 9.869893185188843177e+00 6.825315024733469293e+00 1.000000000000000056e-01
2.106532733593053663e+01 1.282574114504121621e+00 9.869893185188843177e+00 6.825315024733469293e+00 1.000000000000000056e-01
2.103118766187703770e+01 1.270060631315993005e+00 9.869893185188843177e+00 6.824060685414672811e+00 1.000000000000000056e-01
2.099273319669505611e+01 1.234416034260060524e+00 9.869893185188843177e+00 6.863918617260065247e+00 1.000000000000000056e-01
2.099273319669505611e+01 1.234416034260060524e+00 9.869893185188843177e+00 6.863918617260065247e+00 1.000000000000000056e-01
2.096783126228052296e+01 1.124227858881091446e+00 9.869893185188843177e+00 6.932960920370491387e+00 1.000000000000000056e-01
2.096783126228052296e+01 1.124227858881091446e+00 9.869893185188843177e+00 6.932960920370491387e+00 1.000000000000000056e-01
2.096783126228052296e+01 1.124227858881091446e+00 9.869893185188843177e+00 6.932960920370491387e+00 1.000000000000000056e-01
2.096783126228052296e+01 1.124227858881091446e+00 9.869893185188843177e+00 6.932960920370491387e+00 1.000000000000000056e-01
2.094653330352465659e+01 1.036395281078448249e+00 9.869893185188843177e+00 7.024382601789000091e+00 1.000000000000000056e-01
2.094653330352465659e+01 1.036395281078448249e+00 9.869893185188843177e+00 7.024382601789000091e+00 1.000000000000000056e-01
2.094653330352465659e+01 1.036395281078448249e+00 9.869893185188843177e+00 7.024382601789000091e+00 1.000000000000000056e-01
2.094653330352465659e+01 1.036395281078448249e+00 9.869893185188843177e+00 7.024382601789000091e+00 1.000000000000000056e-01
2.094653330352465659e+01 1.036395281078448249e+00 9.869893185188843177e+00 7.024382601789000091e+00 1.000000000000000056e-01
2.094653330352465659e+01 1.036395281078448249e+00 9.869893185188843177e+00 7.024382601789000091e+00 1.000000000000000056e-01
2.100346905707961653e+01 1.052113060297882985e+00 9.869893185188843177e+00 6.925735879245681126e+00 1.000000000000000056e-01
2.100346905707961653e+01 1.052113060297882985e+00 9.869893185188843177e+00 6.925735879245681126e+00 1.000000000000000056e-01
2.100346905707961653e+01 1.052113060297882985e+00 9.869893185188843177e+00 6.925735879245681126e+00 1.000000000000000056e-01
2.100346905707961653e+01 1.052113060297882985e+00 9.869893185188843177e+00 6.925735879245681126e+00 1.000000000000000056e-01
2.107146762070635049e+01 1.067904515641686869e+00 9.869893185188843177e+00 6.785964936682987947e+00 1.000000000000000056e-01
2.107146762070635049e+01 1.067904515641686869e+00 9.869893185188843177e+00 6.785964936682987947e+00 1.000000000000000056e-01
2.107146762070635049e+01 1.067904515641686869e+00 9.869893185188843177e+00 6.785964936682987947e+00 1.000000000000000056e-01
2.099656555595360530e+01 1.057531262492521051e+00 9.869893185188843177e+00 6.729718315166607567e+00 1.000000000000000056e-01
2.099656555595360530e+01 1.057531262492521051e+00 9.869893185188843177e+00 6.729718315166607567e+00 1.000000000000000056e-01
2.099656555595360530e+01 1.057531262492521051e+00 9.869893185188843177e+00 6.729718315166607567e+00 1.000000000000000056e-01
2.099656555595360530e+01 1.057531262492521051e+00 9.869893185188843177e+00 6.729718315166607567e+00 1.000000000000000056e-01
2.090889381652184298e+01 1.020048313089701564e+00 9.869893185188843177e+00 6.648707122781393863e+00 1.000000000000000056e-01
2.090889381652184298e+01 1.020048313089701564e+00 9.869893185188843177e+00 6.648707122781393863e+00 1.000000000000000056e-01
2.088796931789152467e+01 1.083121242144849949e+00 9.869893185188843177e+00 6.681754691100421084e+00 1.000000000000000056e-01
2.088796931789152467e+01 1.083121242144849949e+00 9.869893185188843177e+00 6.681754691100421084e+00 1.000000000000000056e-01
2.088796931789152467e+01 1.083121242144849949e+00 9.869893185188843177e+00 6.681754691100421084e+00 1.000000000000000056e-01
2.088796931789152467e+01 1.083121242144849949e+00 9.869893185188843177e+00 6.681754691100421084e+00 1.000000000000000056e-01
2.088796931789152467e+01 1.083121242144849949e+00 9.869893185188843177e+00 6.681754691100421084e+00 1.000000000000000056e-01
2.088796931789152467e+01 1.083121242144849949e+00 9.869893185188843177e+00 6.681754691100421084e+00 1.000000000000000056e-01
2.075125567484918321e+01 1.075330694680215249e+00 9.869893185188843177e+00 6.625325657272529867e+00 1.000000000000000056e-01
2.075125567484918321e+01 1.075330694680215249e+00 9.869893185188843177e+00 6.625325657272529867e+00 1.000000000000000056e-01
2.075125567484918321e+01 1.075330694680215249e+00 9.869893185188843177e+00 6.625325657272529867e+00 1.000000000000000056e-01
2.075125567484918321e+01 1.075330694680215249e+00 9.869893185188843177e+00 6.625325657272529867e+00 1.000000000000000056e-01
2.075125567484918321e+01 1.075330694680215249e+00 9.869893185188843177e+00 6.625325657272529867e+00 1.000000000000000056e-01
2.075125567484918321e+01 1.075330694680215249e+00 9.869893185188843177e+00 6.625325657272529867e+00 1.000000000000000056e-01
2.075125567484918321e+01 1.075330694680215249e+00 9.869893185188843177e+00 6.625325657272529867e+00 1.000000000000000056e-01
2.075125567484918321e+01 1.075330694680215249e+00 9.869893185188843177e+00 6.625325657272529867e+00 1.000000000000000056e-01
2.075125567484918321e+01 1.075330694680215249e+00 9.869893185188843177e+00 6.625325657272529867e+00 1.000000000000000056e-01
2.075125567484918321e+01 1.075330694680215249e+00 9.869893185188843177e+00 6.625325657272529867e+00 1.000000000000000056e-01
2.078714948385995953e+01 1.054483374109213001e+00 9.869893185188843177e+00 6.605675949332931118e+00 1.000000000000000056e-01
2.081451112832625228e+01 1.036739536991547750e+00 9.869893185188843177e+00 6.534056147586118080e+00 1.000000000000000056e-01
2.081451112832625228e+01 1.036739536991547750e+00 9.869893185188843177e+00 6.534056147586118080e+00 1.000000000000000056e-01
2.067934563417063387e+01 1.087720133460292837e+00 9.869893185188843177e+00 6.430548495242793372e+00 1.000000000000000056e-01
2.067934563417063387e+01 1.087720133460292837e+00 9.869893185188843177e+00 6.430548495242793372e+00 1.000000000000000056e-01
2.067934563417063387e+01 1.087720133460292837e+00 9.869893185188843177e+00 6.430548495242793372e+00 1.000000000000000056e-01
2.067934563417063387e+01 1.087720133460292837e+00 9.869893185188843177e+00 6.430548495242793372e+00 1.000000000000000056e-01
2.067934563417063387e+01 1.087720133460292837e+00 9.869893185188843177e+00 6.430548495242793372e+00 1.000000000000000056e-01
2.067934563417063387e+01 1.087720133460292837e+00 9.869893185188843177e+00 6.430548495242793372e+00 1.000000000000000056e-01
2.067934563417063387e+01 1.087720133460292837e+00 9.869893185188843177e+00 6.430548495242793372e+00 1.000000000000000056e-01
2.067934563417063387e+01 1.087720133460292837e+00 9.869893185188843177e+00 6.430548495242793372e+00 1.000000000000000056e-01
2.067934563417063387e+01 1.087720133460292837e+00 9.869893185188843177e+00 6.430548495242793372e+00 1.000000000000000056e-01
2.067934563417063387e+01 1.087720133460292837e+00 9.869893185188843177e+00 6.430548495242793372e+00 1.000000000000000056e-01
2.067934563417063387e+01 1.087720133460292837e+00 9.869893185188843177e+00 6.430548495242793372e+00 1.000000000000000056e-01
2.067934563417063387e+01 1.087720133460292837e+00 9.869893185188843177e+00 6.430548495242793372e+00 1.000000000000000056e-01
2.067934563417063387e+01 1.087720133460292837e+00 9.869893185188843177e+00 6.430548495242793372e+00 1.000000000000000056e-01
2.067934563417063387e+01 1.087720133460292837e+00 9.869893185188843177e+00 6.430548495242793372e+00 1.000000000000000056e-01
2.067934563417063387e+01 1.087720133460292837e+00 9.869893185188843177e+00 6.430548495242793372e+00 1.000000000000000056e-01
2.055563814386281152e+01 1.082465678190838387e+00 9.869893185188843177e+00 6.394220592478392362e+00 1.000000000000000056e-01
2.055563814386281152e+01 1.082465678190838387e+00 9.869893185188843177e+00 6.394220592478392362e+00 1.000000000000000056e-01
2.055563814386281152e+01 1.082465678190838387e+00 9.869893185188843177e+00 6.394220592478392362e+00 1.000000000000000056e-01
2.055563814386281152e+01 1.082465678190838387e+00 9.869893185188843177e+00 6.394220592478392362e+00 1.000000000000000056e-01
2.049406154820596981e+01 1.074475681604639687e+00 9.869893185188843177e+00 6.378307289184850681e+00 1.000000000000000056e-01
2.049406154820596981e+01 1.074475681604639687e+00 9.869893185188843177e+00 6.378307289184850681e+00 1.000000000000000056e-01
2.049406154820596981e+01 1.074475681604639687e+00 9.869893185188843177e+00 6.378307289184850681e+00 1.000000000000000056e-01
2.049406154820596981e+01 1.074475681604639687e+00 9.869893185188843177e+00 6.378307289184850681e+00 1.000000000000000056e-01
2.049406154820596981e+01 1.074475681604639687e+00 9.869893185188843177e+00 6.378307289184850681e+00 1.000000000000000056e-01
2.049406154820596981e+01 1.074475681604639687e+00 9.869893185188843177e+00 6.378307289184850681e+00 1.000000000000000056e-01
2.049406154820596981e+01 1.074475681604639687e+00 9.869893185188843177e+00 6.378307289184850681e+00 1.000000000000000056e-01
2.049406154820596981e+01 1.074475681604639687e+00 9.869893185188843177e+00 6.378307289184850681e+00 1.000000000000000056e-01
2.043138446759123994e+01 1.085301486620640965e+00 9.869893185188843177e+00 6.347164928509828385e+00 1.000000000000000056e-01
2.050816012129484278e+01 1.147826107365142789e+00 9.869893185188843177e+00 6.218327729365522138e+00 1.000000000000000056e-01
2.050816012129484278e+01 1.147826107365142789e+00 9.869893185188843177e+00 6.218327729365522138e+00 1.000000000000000056e-01
2.050816012129484278e+01 1.147826107365142789e+00 9.869893185188843177e+00 6.218327729365522138e+00 1.000000000000000056e-01
2.064223719420010283e+01 1.149431361031854060e+00 9.869893185188843177e+00 6.095477265632033514e+00 1.000000000000000056e-01
2.064223719420010283e+01 1.149431361031854060e+00 9.869893185188843177e+00 6.095477265632033514e+00 1.000000000000000056e-01
2.064223719420010283e+01 1.149431361031854060e+00 9.869893185188843177e+00 6.095477265632033514e+00 1.000000000000000056e-01
2.064223719420010283e+01 1.149431361031854060e+00 9.869893185188843177e+00 6.095477265632033514e+00 1.000000000000000056e-01
2.060605333919355076e+01 1.143444218379179755e+00 9.869893185188843177e+00 5.998215436945593559e+00 1.000000000000000056e-01
2.060605333919355076e+01 1.143444218379179755e+00 9.869893185188843177e+00 5.998215436945593559e+00 1.000000000000000056e-01
2.060605333919355076e+01 1.143444218379179755e+00 9.869893185188843177e+00 5.998215436945593559e+00 1.000000000000000056e-01
2.060605333919355076e+01 1.143444218379179755e+00 9.869893185188843177e+00 5.998215436945593559e+00 1.000000000000000056e-01
2.060605333919355076e+01 1.143444218379179755e+00 9.869893185188843177e+00 5.998215436945593559e+00 1.000000000000000056e-01
2.064922802711392791e+01 1.112236239670094662e+00 9.869893185188843177e+00 6.033760079165552348e+00 1.000000000000000056e-01
2.064922802711392791e+01 1.112236239670094662e+00 9.869893185188843177e+00 6.033760079165552348e+00 1.000000000000000056e-01
2.064922802711392791e+01 1.112236239670094662e+00 9.869893185188843177e+00 6.033760079165552348e+00 1.000000000000000056e-01
2.063250182327729476e+01 1.106251531163635837e+00 9.869893185188843177e+00 5.950326552431057792e+00 1.000000000000000056e-01
2.063250182327729476e+01 1.106251531163635837e+00 9.869893185188843177e+00 5.950326552431057792e+00 1.000000000000000056e-01
