2.103914580476243046e+01 1.399999999999999911e+00 9.869893185188843177e+00 7.000000000000000000e+00 1.000000000000000056e-01
2.117756729234187318e+01 1.362059286522758983e+00 9.869893185188843177e+00 6.877088346639704142e+00 1.000000000000000056e-01
2.114552010691623352e+01 1.256362243840571047e+00 9.869893185188843177e+00 6.939124867435040755e+00 1.000000000000000056e-01
2.112716415966046313e+01 1.202123681816131828e+00 9.869893185188843177e+00 6.913047947911990398e+00 1.000000000000000056e-01
2.112716415966046313e+01 1.202123681816131828e+00 9.869893185188843177e+00 6.913047947911990398e+00 1.000000000000000056e-01
2.100005107125114279e+01 1.192309073750295489e+00 9.869893185188843177e+00 6.864935906931508569e+00 1.000000000000000056e-01
2.105938505215342005e+01 1.099008941411186102e+00 9.869893185188843177e+00 6.884015435569431851e+00 1.000000000000000056e-01
2.105938505215342005e+01 1.099008941411186102e+00 9.869893185188843177e+00 6.884015435569431851e+00 1.000000000000000056e-01
2.105938505215342005e+01 1.099008941411186102e+00 9.869893185188843177e+00 6.884015435569431851e+00 1.000000000000000056e-01
2.105938505215342005e+01 1.099008941411186102e+00 9.869893185188843177e+00 6.884015435569431851e+00 1.000000000000000056e-01
2.105938505215342005e+01 1.099008941411186102e+00 9.869893185188843177e+00 6.884015435569431851e+00 1.000000000000000056e-01
2.107338119017079237e+01 1.072316852945966792e+00 9.869893185188843177e+00 6.867358537463709389e+00 1.000000000000000056e-01
2.091904526291994415e+01 1.082165457617404236e+00 9.869893185188843177e+00 6.799255802545880911e+00 1.000000000000000056e-01
2.091904526291994415e+01 1.082165457617404236e+00 9.869893185188843177e+00 6.799255802545880911e+00 1.000000000000000056e-01
2.084067584800314776e+01 1.096984211299612877e+00 9.869893185188843177e+00 6.682073236615962308e+00 1.000000000000000056e-01
2.084067584800314776e+01 1.096984211299612877e+00 9.869893185188843177e+00 6.682073236615962308e+00 1.000000000000000056e-01
2.077015716355624519e+01 1.031079113617838106e+00 9.869893185188843177e+00 6.649251003177186981e+00 1.000000000000000056e-01
2.079898838211564893e+01 1.049317454040668895e+00 9.869893185188843177e+00 6.603864434554092000e+00 1.000000000000000056e-01
2.080641381048803851e+01 1.088547812946266680e+00 9.869893185188843177e+00 6.523982205985726424e+00 1.000000000000000056e-01
2.080641381048803851e+01 1.088547812946266680e+00 9.869893185188843177e+00 6.523982205985726424e+00 1.000000000000000056e-01
2.080641381048803851e+01 1.088547812946266680e+00 9.869893185188843177e+00 6.523982205985726424e+00 1.000000000000000056e-01
2.080641381048803851e+01 1.088547812946266680e+00 9.869893185188843177e+00 6.523982205985726424e+00 1.000000000000000056e-01
2.084628353401902956e+01 1.071017837919472804e+00 9.869893185188843177e+00 6.362446825067775258e+00 1.000000000000000056e-01
2.084628353401902956e+01 1.071017837919472804e+00 9.869893185188843177e+00 6.362446825067775258e+00 1.000000000000000056e-01
2.084628353401902956e+01 1.071017837919472804e+00 9.869893185188843177e+00 6.362446825067775258e+00 1.000000000000000056e-01
2.084628353401902956e+01 1.071017837919472804e+00 9.869893185188843177e+00 6.362446825067775258e+00 1.000000000000000056e-01
2.084628353401902956e+01 1.071017837919472804e+00 9.869893185188843177e+00 6.362446825067775258e+00 1.000000000000000056e-01
2.084628353401902956e+01 1.071017837919472804e+00 9.869893185188843177e+00 6.362446825067775258e+00 1.000000000000000056e-01
2.084628353401902956e+01 1.071017837919472804e+00 9.869893185188843177e+00 6.362446825067775258e+00 1.000000000000000056e-01
2.084628353401902956e+01 1.071017837919472804e+00 9.869893185188843177e+00 6.362446825067775258e+00 1.000000000000000056e-01
2.084628353401902956e+01 1.071017837919472804e+00 9.869893185188843177e+00 6.362446825067775258e+00 1.000000000000000056e-01
2.084628353401902956e+01 1.071017837919472804e+00 9.869893185188843177e+00 6.362446825067775258e+00 1.000000000000000056e-01
2.098381239608754711e+01 1.045332557211726243e+00 9.869893185188843177e+00 6.330549157181428299e+00 1.000000000000000056e-01
2.098381239608754711e+01 1.045332557211726243e+00 9.869893185188843177e+00 6.330549157181428299e+00 1.000000000000000056e-01
2.098381239608754711e+01 1.045332557211726243e+00 9.869893185188843177e+00 6.330549157181428299e+00 1.000000000000000056e-01
2.098381239608754711e+01 1.045332557211726243e+00 9.869893185188843177e+00 6.330549157181428299e+00 1.000000000000000056e-01
2.098381239608754711e+01 1.045332557211726243e+00 9.869893185188843177e+00 6.330549157181428299e+00 1.000000000000000056e-01
2.098381239608754711e+01 1.045332557211726243e+00 9.869893185188843177e+00 6.330549157181428299e+00 1.000000000000000056e-01
2.098381239608754711e+01 1.045332557211726243e+00 9.869893185188843177e+00 6.330549157181428299e+00 1.000000000000000056e-01
2.098381239608754711e+01 1.045332557211726243e+00 9.869893185188843177e+00 6.330549157181428299e+00 1.000000000000000056e-01
2.098381239608754711e+01 1.045332557211726243e+00 9.869893185188843177e+00 6.330549157181428299e+00 1.000000000000000056e-01
2.098381239608754711e+01 1.045332557211726243e+00 9.869893185188843177e+00 6.330549157181428299e+00 1.000000000000000056e-01
2.098381239608754711e+01 1.045332557211726243e+00 9.869893185188843177e+00 6.330549157181428299e+00 1.000000000000000056e-01
2.098381239608754711e+01 1.045332557211726243e+00 9.869893185188843177e+00 6.330549157181428299e+00 1.000000000000000056e-01
2.098381239608754711e+01 1.045332557211726243e+00 9.869893185188843177e+00 6.330549157181428299e+00 1.000000000000000056e-01
2.098381239608754711e+01 1.045332557211726243e+00 9.869893185188843177e+00 6.330549157181428299e+00 1.000000000000000056e-01
2.098381239608754711e+01 1.045332557211726243e+00 9.869893185188843177e+00 6.330549157181428299e+00 1.000000000000000056e-01
2.098381239608754711e+01 1.045332557211726243e+00 9.869893185188843177e+00 6.330549157181428299e+00 1.000000000000000056e-01
2.098381239608754711e+01 1.045332557211726243e+00 9.869893185188843177e+00 6.330549157181428299e+00 1.000000000000000056e-01
2.085652196295374949e+01 1.069202178464588648e+00 9.869893185188843177e+00 6.327932772468742861e+00 1.000000000000000056e-01
2.085652196295374949e+01 1.069202178464588648e+00 9.869893185188843177e+00 6.327932772468742861e+00 1.000000000000000056e-01
2.085652196295374949e+01 1.069202178464588648e+00 9.869893185188843177e+00 6.327932772468742861e+00 1.000000000000000056e-01
2.085652196295374949e+01 1.069202178464588648e+00 9.869893185188843177e+00 6.327932772468742861e+00 1.000000000000000056e-01
2.085652196295374949e+01 1.069202178464588648e+00 9.869893185188843177e+00 6.327932772468742861e+00 1.000000000000000056e-01
2.085652196295374949e+01 1.069202178464588648e+00 9.869893185188843177e+00 6.327932772468742861e+00 1.000000000000000056e-01
2.085652196295374949e+01 1.069202178464588648e+00 9.869893185188843177e+00 6.327932772468742861e+00 1.000000000000000056e-01
2.084888020754402760e+01 1.045856548206271830e+00 9.869893185188843177e+00 6.234989005829304709e+00 1.000000000000000056e-01
2.084888020754402760e+01 1.045856548206271830e+00 9.869893185188843177e+00 6.234989005829304709e+00 1.000000000000000056e-01
2.084888020754402760e+01 1.045856548206271830e+00 9.869893185188843177e+00 6.234989005829304709e+00 1.000000000000000056e-01
2.084888020754402760e+01 1.045856548206271830e+00 9.869893185188843177e+00 6.234989005829304709e+00 1.000000000000000056e-01
2.084888020754402760e+01 1.045856548206271830e+00 9.869893185188843177e+00 6.234989005829304709e+00 1.000000000000000056e-01
2.088604431464652933e+01 1.080184733409945252e+00 9.869893185188843177e+00 6.225254851593209793e+00 1.000000000000000056e-01
2.088604431464652933e+01 1.080184733409945252e+00 9.869893185188843177e+00 6.225254851593209793e+00 1.000000000000000056e-01
2.088604431464652933e+01 1.080184733409945252e+00 9.869893185188843177e+00 6.225254851593209793e+00 1.000000000000000056e-01
2.088604431464652933e+01 1.080184733409945252e+00 9.869893185188843177e+00 6.225254851593209793e+00 1.000000000000000056e-01
2.088604431464652933e+01 1.080184733409945252e+00 9.869893185188843177e+00 6.225254851593209793e+00 1.000000000000000056e-01
2.088604431464652933e+01 1.080184733409945252e+00 9.869893185188843177e+00 6.225254851593209793e+00 1.000000000000000056e-01
2.093512945213098320e+01 1.088552581289147669e+00 9.869893185188843177e+00 6.116576504715833806e+00 1.000000000000000056e-01
2.093512945213098320e+01 1.088552581289147669e+00 9.869893185188843177e+00 6.116576504715833806e+00 1.000000000000000056e-01
2.093512945213098320e+01 1.088552581289147669e+00 9.869893185188843177e+00 6.116576504715833806e+00 1.000000000000000056e-01
2.093512945213098320e+01 1.088552581289147669e+00 9.869893185188843177e+00 6.116576504715833806e+00 1.000000000000000056e-01
2.093512945213098320e+01 1.088552581289147669e+00 9.869893185188843177e+00 6.116576504715833806e+00 1.000000000000000056e-01
2.093512945213098320e+01 1.088552581289147669e+00 9.869893185188843177e+00 6.116576504715833806e+00 1.000000000000000056e-01
2.093512945213098320e+01 1.088552581289147669e+00 9.869893185188843177e+00 6.116576504715833806e+00 1.000000000000000056e-01
2.093512945213098320e+01 1.088552581289147669e+00 9.869893185188843177e+00 6.116576504715833806e+00 1.000000000000000056e-01
2.093512945213098320e+01 1.088552581289147669e+00 9.869893185188843177e+00 6.116576504715833806e+00 1.000000000000000056e-01
2.093512945213098320e+01 1.088552581289147669e+00 9.869893185188843177e+00 6.116576504715833806e+00 1.000000000000000056e-01
2.097670562406934280e+01 1.062257903577035645e+00 9.869893185188843177e+00 6.117964054788691541e+00 1.000000000000000056e-01
2.097670562406934280e+01 1.062257903577035645e+00 9.869893185188843177e+00 6.117964054788691541e+00 1.000000000000000056e-01
2.097670562406934280e+01 1.062257903577035645e+00 9.869893185188843177e+00 6.117964054788691541e+00 1.000000000000000056e-01
2.097670562406934280e+01 1.062257903577035645e+00 9.869893185188843177e+00 6.117964054788691541e+00 1.000000000000000056e-01
2.097670562406934280e+01 1.062257903577035645e+00 9.869893185188843177e+00 6.117964054788691541e+00 1.000000000000000056e-01
2.112845835710351139e+01 1.094848461836208431e+00 9.869893185188843177e+00 6.043257098533290517e+00 1.000000000000000056e-01
2.112845835710351139e+01 1.094848461836208431e+00 9.869893185188843177e+00 6.043257098533290517e+00 1.000000000000000056e-01
2.133717818342129391e+01 1.121967644994502855e+00 9.869893185188843177e+00 5.926882435699183382e+00 1.000000000000000056e-01
2.133717818342129391e+01 1.121967644994502855e+00 9.869893185188843177e+00 5.926882435699183382e+00 1.000000000000000056e-01
2.132103434614173310e+01 1.109158070894735504e+00 9.869893185188843177e+00 5.881444623687868578e+00 1.000000000000000056e-01
2.132103434614173310e+01 1.109158070894735504e+00 9.869893185188843177e+00 5.881444623687868578e+00 1.000000000000000056e-01
2.132103434614173310e+01 1.109158070894735504e+00 9.869893185188843177e+00 5.881444623687868578e+00 1.000000000000000056e-01
2.132103434614173310e+01 1.109158070894735504e+00 9.869893185188843177e+00 5.881444623687868578e+00 1.000000000000000056e-01
2.132103434614173310e+01 1.109158070894735504e+00 9.869893185188843177e+00 5.881444623687868578e+00 1.000000000000000056e-01
2.132103434614173310e+01 1.109158070894735504e+00 9.869893185188843177e+00 5.881444623687868578e+00 1.000000000000000056e-01
2.132103434614173310e+01 1.109158070894735504e+00 9.869893185188843177e+00 5.881444623687868578e+00 1.000000000000000056e-01
2.132103434614173310e+01 1.109158070894735504e+00 9.869893185188843177e+00 5.881444623687868578e+00 1.000000000000000056e-01
2.143194615408856407e+01 1.111546864899533027e+00 9.869893185188843177e+00 5.832330059557269131e+00 1.000000000000000056e-01
2.143194615408856407e+01 1.111546864899533027e+00 9.869893185188843177e+00 5.832330059557269131e+00 1.000000000000000056e-01
2.143194615408856407e+01 1.111546864899533027e+00 9.869893185188843177e+00 5.832330059557269131e+00 1.000000000000000056e-01
2.143194615408856407e+01 1.111546864899533027e+00 9.869893185188843177e+00 5.832330059557269131e+00 1.000000000000000056e-01
2.143194615408856407e+01 1.111546864899533027e+00 9.869893185188843177e+00 5.832330059557269131e+00 1.000000000000000056e-01
2.143194615408856407e+01 1.111546864899533027e+00 9.869893185188843177e+00 5.832330059557269131e+00 1.000000000000000056e-01
