2.111769719506561671e+01 1.355303313427442147e+00 9.869893185188843177e+00 7.065225322659683727e+00 1.000000000000000056e-01
2.111769719506561671e+01 1.355303313427442147e+00 9.869893185188843177e+00 7.065225322659683727e+00 1.000000000000000056e-01
2.114928773464685463e+01 1.295197598078634327e+00 9.869893185188843177e+00 7.238921849514670548e+00 1.000000000000000056e-01
2.104084505178308362e+01 1.288898434355540967e+00 9.869893185188843177e+00 7.226646770867442449e+00 1.000000000000000056e-01
2.104084505178308362e+01 1.288898434355540967e+00 9.869893185188843177e+00 7.226646770867442449e+00 1.000000000000000056e-01
2.104084505178308362e+01 1.288898434355540967e+00 9.869893185188843177e+00 7.226646770867442449e+00 1.000000000000000056e-01
2.119561635162059687e+01 1.150874544203186911e+00 9.869893185188843177e+00 7.062024496253842543e+00 1.000000000000000056e-01
2.119561635162059687e+01 1.150874544203186911e+00 9.869893185188843177e+00 7.062024496253842543e+00 1.000000000000000056e-01
2.119561635162059687e+01 1.150874544203186911e+00 9.869893185188843177e+00 7.062024496253842543e+00 1.000000000000000056e-01
2.104164732336138499e+01 1.087959212216998983e+00 9.869893185188843177e+00 7.136928146057718081e+00 1.000000000000000056e-01
2.104164732336138499e+01 1.087959212216998983e+00 9.869893185188843177e+00 7.136928146057718081e+00 1.000000000000000056e-01
2.104164732336138499e+01 1.087959212216998983e+00 9.869893185188843177e+00 7.136928146057718081e+00 1.000000000000000056e-01
2.121041263888951178e+01 1.084832144633084194e+00 9.869893185188843177e+00 7.132448724949259855e+00 1.000000000000000056e-01
2.121041263888951178e+01 1.084832144633084194e+00 9.869893185188843177e+00 7.132448724949259855e+00 1.000000000000000056e-01
2.121041263888951178e+01 1.084832144633084194e+00 9.869893185188843177e+00 7.132448724949259855e+00 1.000000000000000056e-01
2.121041263888951178e+01 1.084832144633084194e+00 9.869893185188843177e+00 7.132448724949259855e+00 1.000000000000000056e-01
2.121041263888951178e+01 1.084832144633084194e+00 9.869893185188843177e+00 7.132448724949259855e+00 1.000000000000000056e-01
2.121041263888951178e+01 1.084832144633084194e+00 9.869893185188843177e+00 7.132448724949259855e+00 1.000000000000000056e-01
2.120271126647182669e+01 1.058100438730119830e+00 9.869893185188843177e+00 7.036962840106774308e+00 1.000000000000000056e-01
2.120271126647182669e+01 1.058100438730119830e+00 9.869893185188843177e+00 7.036962840106774308e+00 1.000000000000000056e-01
2.120271126647182669e+01 1.058100438730119830e+00 9.869893185188843177e+00 7.036962840106774308e+00 1.000000000000000056e-01
2.120271126647182669e+01 1.058100438730119830e+00 9.869893185188843177e+00 7.036962840106774308e+00 1.000000000000000056e-01
2.115260072316775464e+01 1.022643033600532991e+00 9.869893185188843177e+00 6.938445383214180140e+00 1.000000000000000056e-01
2.115260072316775464e+01 1.022643033600532991e+00 9.869893185188843177e+00 6.938445383214180140e+00 1.000000000000000056e-01
2.133253534409446672e+01 1.038976516166256081e+00 9.869893185188843177e+00 6.898570879621749086e+00 1.000000000000000056e-01
2.131012182482410111e+01 1.054534924949064978e+00 9.869893185188843177e+00 6.837279889828133506e+00 1.000000000000000056e-01
2.127161638397344134e+01 1.116697546206044445e+00 9.869893185188843177e+00 6.724474157557654763e+00 1.000000000000000056e-01
2.127161638397344134e+01 1.116697546206044445e+00 9.869893185188843177e+00 6.724474157557654763e+00 1.000000000000000056e-01
2.122492898083996948e+01 1.129716034617089582e+00 9.869893185188843177e+00 6.609814390575233567e+00 1.000000000000000056e-01
2.122492898083996948e+01 1.129716034617089582e+00 9.869893185188843177e+00 6.609814390575233567e+00 1.000000000000000056e-01
2.122492898083996948e+01 1.129716034617089582e+00 9.869893185188843177e+00 6.609814390575233567e+00 1.000000000000000056e-01
2.127661049363086576e+01 1.106781262382519504e+00 9.869893185188843177e+00 6.566183653895430794e+00 1.000000000000000056e-01
2.127661049363086576e+01 1.106781262382519504e+00 9.869893185188843177e+00 6.566183653895430794e+00 1.000000000000000056e-01
2.127661049363086576e+01 1.106781262382519504e+00 9.869893185188843177e+00 6.566183653895430794e+00 1.000000000000000056e-01
2.132997271344808965e+01 1.081254461758278440e+00 9.869893185188843177e+00 6.511425662221504318e+00 1.000000000000000056e-01
2.132997271344808965e+01 1.081254461758278440e+00 9.869893185188843177e+00 6.511425662221504318e+00 1.000000000000000056e-01
2.131315249143530721e+01 1.042905343286872455e+00 9.869893185188843177e+00 6.468437070833194191e+00 1.000000000000000056e-01
2.131315249143530721e+01 1.042905343286872455e+00 9.869893185188843177e+00 6.468437070833194191e+00 1.000000000000000056e-01
2.133319208615099782e+01 1.083566759172321481e+00 9.869893185188843177e+00 6.403464237883983223e+00 1.000000000000000056e-01
2.133319208615099782e+01 1.083566759172321481e+00 9.869893185188843177e+00 6.403464237883983223e+00 1.000000000000000056e-01
2.133319208615099782e+01 1.083566759172321481e+00 9.869893185188843177e+00 6.403464237883983223e+00 1.000000000000000056e-01
2.132739649652563685e+01 1.064992823248710030e+00 9.869893185188843177e+00 6.339188457316576653e+00 1.000000000000000056e-01
2.132739649652563685e+01 1.064992823248710030e+00 9.869893185188843177e+00 6.339188457316576653e+00 1.000000000000000056e-01
2.143484321106541657e+01 1.061098973561104941e+00 9.869893185188843177e+00 6.212975558183698510e+00 1.000000000000000056e-01
2.143484321106541657e+01 1.061098973561104941e+00 9.869893185188843177e+00 6.212975558183698510e+00 1.000000000000000056e-01
2.143484321106541657e+01 1.061098973561104941e+00 9.869893185188843177e+00 6.212975558183698510e+00 1.000000000000000056e-01
2.143484321106541657e+01 1.061098973561104941e+00 9.869893185188843177e+00 6.212975558183698510e+00 1.000000000000000056e-01
2.143484321106541657e+01 1.061098973561104941e+00 9.869893185188843177e+00 6.212975558183698510e+00 1.000000000000000056e-01
2.138495807757396960e+01 1.083733161723230198e+00 9.869893185188843177e+00 6.130658304036607831e+00 1.000000000000000056e-01
2.138495807757396960e+01 1.083733161723230198e+00 9.869893185188843177e+00 6.130658304036607831e+00 1.000000000000000056e-01
2.138495807757396960e+01 1.083733161723230198e+00 9.869893185188843177e+00 6.130658304036607831e+00 1.000000000000000056e-01
2.138495807757396960e+01 1.083733161723230198e+00 9.869893185188843177e+00 6.130658304036607831e+00 1.000000000000000056e-01
2.138495807757396960e+01 1.083733161723230198e+00 9.869893185188843177e+00 6.130658304036607831e+00 1.000000000000000056e-01
2.138495807757396960e+01 1.083733161723230198e+00 9.869893185188843177e+00 6.130658304036607831e+00 1.000000000000000056e-01
2.136494089534368968e+01 1.082372991588610667e+00 9.869893185188843177e+00 6.003907973504512441e+00 1.000000000000000056e-01
2.136494089534368968e+01 1.082372991588610667e+00 9.869893185188843177e+00 6.003907973504512441e+00 1.000000000000000056e-01
2.136494089534368968e+01 1.082372991588610667e+00 9.869893185188843177e+00 6.003907973504512441e+00 1.000000000000000056e-01
2.136494089534368968e+01 1.082372991588610667e+00 9.869893185188843177e+00 6.003907973504512441e+00 1.000000000000000056e-01
2.136494089534368968e+01 1.082372991588610667e+00 9.869893185188843177e+00 6.003907973504512441e+00 1.000000000000000056e-01
2.136494089534368968e+01 1.082372991588610667e+00 9.869893185188843177e+00 6.003907973504512441e+00 1.000000000000000056e-01
2.136494089534368968e+01 1.082372991588610667e+00 9.869893185188843177e+00 6.003907973504512441e+00 1.000000000000000056e-01
2.136494089534368968e+01 1.082372991588610667e+00 9.869893185188843177e+00 6.003907973504512441e+00 1.000000000000000056e-01
2.136494089534368968e+01 1.082372991588610667e+00 9.869893185188843177e+00 6.003907973504512441e+00 1.000000000000000056e-01
2.136494089534368968e+01 1.082372991588610667e+00 9.869893185188843177e+00 6.003907973504512441e+00 1.000000000000000056e-01
2.136494089534368968e+01 1.082372991588610667e+00 9.869893185188843177e+00 6.003907973504512441e+00 1.000000000000000056e-01
2.136494089534368968e+01 1.082372991588610667e+00 9.869893185188843177e+00 6.003907973504512441e+00 1.000000000000000056e-01
2.136494089534368968e+01 1.082372991588610667e+00 9.869893185188843177e+00 6.003907973504512441e+00 1.000000000000000056e-01
2.136494089534368968e+01 1.082372991588610667e+00 9.869893185188843177e+00 6.003907973504512441e+00 1.000000000000000056e-01
2.136494089534368968e+01 1.082372991588610667e+00 9.869893185188843177e+00 6.003907973504512441e+00 1.000000000000000056e-01
2.136494089534368968e+01 1.082372991588610667e+00 9.869893185188843177e+00 6.003907973504512441e+00 1.000000000000000056e-01
2.136494089534368968e+01 1.082372991588610667e+00 9.869893185188843177e+00 6.003907973504512441e+00 1.000000000000000056e-01
2.133625998299999438e+01 1.081872181311484660e+00 9.869893185188843177e+00 6.003922768906547525e+00 1.000000000000000056e-01
2.133625998299999438e+01 1.081872181311484660e+00 9.869893185188843177e+00 6.003922768906547525e+00 1.000000000000000056e-01
2.133625998299999438e+01 1.081872181311484660e+00 9.869893185188843177e+00 6.003922768906547525e+00 1.000000000000000056e-01
2.133625998299999438e+01 1.081872181311484660e+00 9.869893185188843177e+00 6.003922768906547525e+00 1.000000000000000056e-01
2.131868381508218846e+01 1.123519573519405235e+00 9.869893185188843177e+00 5.919986730070752046e+00 1.000000000000000056e-01
2.131868381508218846e+01 1.123519573519405235e+00 9.869893185188843177e+00 5.919986730070752046e+00 1.000000000000000056e-01
2.143693258747075703e+01 1.064107459080290363e+00 9.869893185188843177e+00 5.955854228523827842e+00 1.000000000000000056e-01
2.143693258747075703e+01 1.064107459080290363e+00 9.869893185188843177e+00 5.955854228523827842e+00 1.000000000000000056e-01
2.143693258747075703e+01 1.064107459080290363e+00 9.869893185188843177e+00 5.955854228523827842e+00 1.000000000000000056e-01
2.143693258747075703e+01 1.064107459080290363e+00 9.869893185188843177e+00 5.955854228523827842e+00 1.000000000000000056e-01
2.143693258747075703e+01 1.064107459080290363e+00 9.869893185188843177e+00 5.955854228523827842e+00 1.000000000000000056e-01
2.143693258747075703e+01 1.064107459080290363e+00 9.869893185188843177e+00 5.955854228523827842e+00 1.000000000000000056e-01
2.143693258747075703e+01 1.064107459080290363e+00 9.869893185188843177e+00 5.955854228523827842e+00 1.000000000000000056e-01
2.143693258747075703e+01 1.064107459080290363e+00 9.869893185188843177e+00 5.955854228523827842e+00 1.000000000000000056e-01
2.143693258747075703e+01 1.064107459080290363e+00 9.869893185188843177e+00 5.955854228523827842e+00 1.000000000000000056e-01
2.143693258747075703e+01 1.064107459080290363e+00 9.869893185188843177e+00 5.955854228523827842e+00 1.000000000000000056e-01
2.143693258747075703e+01 1.064107459080290363e+00 9.869893185188843177e+00 5.955854228523827842e+00 1.000000000000000056e-01
2.143693258747075703e+01 1.064107459080290363e+00 9.869893185188843177e+00 5.955854228523827842e+00 1.000000000000000056e-01
2.143693258747075703e+01 1.064107459080290363e+00 9.869893185188843177e+00 5.955854228523827842e+00 1.000000000000000056e-01
2.143693258747075703e+01 1.064107459080290363e+00 9.869893185188843177e+00 5.955854228523827842e+00 1.000000000000000056e-01
2.143693258747075703e+01 1.064107459080290363e+00 9.869893185188843177e+00 5.955854228523827842e+00 1.000000000000000056e-01
2.143693258747075703e+01 1.064107459080290363e+00 9.869893185188843177e+00 5.955854228523827842e+00 1.000000000000000056e-01
2.143693258747075703e+01 1.064107459080290363e+00 9.869893185188843177e+00 5.955854228523827842e+00 1.000000000000000056e-01
2.143693258747075703e+01 1.064107459080290363e+00 9.869893185188843177e+00 5.955854228523827842e+00 1.000000000000000056e-01
2.143693258747075703e+01 1.064107459080290363e+00 9.869893185188843177e+00 5.955854228523827842e+00 1.000000000000000056e-01
2.143693258747075703e+01 1.064107459080290363e+00 9.869893185188843177e+00 5.955854228523827842e+00 1.000000000000000056e-01
2.143693258747075703e+01 1.064107459080290363e+00 9.869893185188843177e+00 5.955854228523827842e+00 1.000000000000000056e-01
2.143693258747075703e+01 1.064107459080290363e+00 9.869893185188843177e+00 5.955854228523827842e+00 1.000000000000000056e-01
2.143693258747075703e+01 1.064107459080290363e+00 9.869893185188843177e+00 5.955854228523827842e+00 1.000000000000000056e-01
