2.103914580476243046e+01 1.399999999999999911e+00 9.869893185188843177e+00 7.000000000000000000e+00 1.000000000000000056e-01
2.103914580476243046e+01 1.399999999999999911e+00 9.869893185188843177e+00 7.000000000000000000e+00 1.000000000000000056e-01
2.110238498617753677e+01 1.281364896314367119e+00 9.869893185188843177e+00 7.098331250327406750e+00 1.000000000000000056e-01
2.110238498617753677e+01 1.281364896314367119e+00 9.869893185188843177e+00 7.098331250327406750e+00 1.000000000000000056e-01
2.109372771675226943e+01 1.265430698330324066e+00 9.869893185188843177e+00 7.110501293245532928e+00 1.000000000000000056e-01
2.114144162251298198e+01 1.154461090345321184e+00 9.869893185188843177e+00 7.116940611444327658e+00 1.000000000000000056e-01
2.114144162251298198e+01 1.154461090345321184e+00 9.869893185188843177e+00 7.116940611444327658e+00 1.000000000000000056e-01
2.114144162251298198e+01 1.154461090345321184e+00 9.869893185188843177e+00 7.116940611444327658e+00 1.000000000000000056e-01
2.114144162251298198e+01 1.154461090345321184e+00 9.869893185188843177e+00 7.116940611444327658e+00 1.000000000000000056e-01
2.114144162251298198e+01 1.154461090345321184e+00 9.869893185188843177e+00 7.116940611444327658e+00 1.000000000000000056e-01
2.117844910246408219e+01 1.058464746756923702e+00 9.869893185188843177e+00 7.118006482565871096e+00 1.000000000000000056e-01
2.117844910246408219e+01 1.058464746756923702e+00 9.869893185188843177e+00 7.118006482565871096e+00 1.000000000000000056e-01
2.117844910246408219e+01 1.058464746756923702e+00 9.869893185188843177e+00 7.118006482565871096e+00 1.000000000000000056e-01
2.117844910246408219e+01 1.058464746756923702e+00 9.869893185188843177e+00 7.118006482565871096e+00 1.000000000000000056e-01
2.117844910246408219e+01 1.058464746756923702e+00 9.869893185188843177e+00 7.118006482565871096e+00 1.000000000000000056e-01
2.117844910246408219e+01 1.058464746756923702e+00 9.869893185188843177e+00 7.118006482565871096e+00 1.000000000000000056e-01
2.117844910246408219e+01 1.058464746756923702e+00 9.869893185188843177e+00 7.118006482565871096e+00 1.000000000000000056e-01
2.117844910246408219e+01 1.058464746756923702e+00 9.869893185188843177e+00 7.118006482565871096e+00 1.000000000000000056e-01
2.117844910246408219e+01 1.058464746756923702e+00 9.869893185188843177e+00 7.118006482565871096e+00 1.000000000000000056e-01
2.123695408899645543e+01 1.010367274604593302e+00 9.869893185188843177e+00 6.909719554018175280e+00 1.000000000000000056e-01
2.123695408899645543e+01 1.010367274604593302e+00 9.869893185188843177e+00 6.909719554018175280e+00 1.000000000000000056e-01
2.123695408899645543e+01 1.010367274604593302e+00 9.869893185188843177e+00 6.909719554018175280e+00 1.000000000000000056e-01
2.123695408899645543e+01 1.010367274604593302e+00 9.869893185188843177e+00 6.909719554018175280e+00 1.000000000000000056e-01
2.123695408899645543e+01 1.010367274604593302e+00 9.869893185188843177e+00 6.909719554018175280e+00 1.000000000000000056e-01
2.132252177489118949e+01 1.078045845639099554e+00 9.869893185188843177e+00 6.851396986390326127e+00 1.000000000000000056e-01
2.132252177489118949e+01 1.078045845639099554e+00 9.869893185188843177e+00 6.851396986390326127e+00 1.000000000000000056e-01
2.137921162546385290e+01 1.058300946208992510e+00 9.869893185188843177e+00 6.782728978228520944e+00 1.000000000000000056e-01
2.137921162546385290e+01 1.058300946208992510e+00 9.869893185188843177e+00 6.782728978228520944e+00 1.000000000000000056e-01
2.137921162546385290e+01 1.058300946208992510e+00 9.869893185188843177e+00 6.782728978228520944e+00 1.000000000000000056e-01
2.139734049688297901e+01 1.045215081871066376e+00 9.869893185188843177e+00 6.741112824051946006e+00 1.000000000000000056e-01
2.139734049688297901e+01 1.045215081871066376e+00 9.869893185188843177e+00 6.741112824051946006e+00 1.000000000000000056e-01
2.139734049688297901e+01 1.045215081871066376e+00 9.869893185188843177e+00 6.741112824051946006e+00 1.000000000000000056e-01
2.139734049688297901e+01 1.045215081871066376e+00 9.869893185188843177e+00 6.741112824051946006e+00 1.000000000000000056e-01
2.139734049688297901e+01 1.045215081871066376e+00 9.869893185188843177e+00 6.741112824051946006e+00 1.000000000000000056e-01
2.142728920839822848e+01 1.069786589393171727e+00 9.869893185188843177e+00 6.725256703908230271e+00 1.000000000000000056e-01
2.142728920839822848e+01 1.069786589393171727e+00 9.869893185188843177e+00 6.725256703908230271e+00 1.000000000000000056e-01
2.135882711455370853e+01 1.063319927248956631e+00 9.869893185188843177e+00 6.578877339994239293e+00 1.000000000000000056e-01
2.132806845462755518e+01 1.052622175111702640e+00 9.869893185188843177e+00 6.501840836196828732e+00 1.000000000000000056e-01
2.132806845462755518e+01 1.052622175111702640e+00 9.869893185188843177e+00 6.501840836196828732e+00 1.000000000000000056e-01
2.132806845462755518e+01 1.052622175111702640e+00 9.869893185188843177e+00 6.501840836196828732e+00 1.000000000000000056e-01
2.132806845462755518e+01 1.052622175111702640e+00 9.869893185188843177e+00 6.501840836196828732e+00 1.000000000000000056e-01
2.132806845462755518e+01 1.052622175111702640e+00 9.869893185188843177e+00 6.501840836196828732e+00 1.000000000000000056e-01
2.132806845462755518e+01 1.052622175111702640e+00 9.869893185188843177e+00 6.501840836196828732e+00 1.000000000000000056e-01
2.132806845462755518e+01 1.052622175111702640e+00 9.869893185188843177e+00 6.501840836196828732e+00 1.000000000000000056e-01
2.132806845462755518e+01 1.052622175111702640e+00 9.869893185188843177e+00 6.501840836196828732e+00 1.000000000000000056e-01
2.132806845462755518e+01 1.052622175111702640e+00 9.869893185188843177e+00 6.501840836196828732e+00 1.000000000000000056e-01
2.132806845462755518e+01 1.052622175111702640e+00 9.869893185188843177e+00 6.501840836196828732e+00 1.000000000000000056e-01
2.132806845462755518e+01 1.052622175111702640e+00 9.869893185188843177e+00 6.501840836196828732e+00 1.000000000000000056e-01
2.132806845462755518e+01 1.052622175111702640e+00 9.869893185188843177e+00 6.501840836196828732e+00 1.000000000000000056e-01
2.132806845462755518e+01 1.052622175111702640e+00 9.869893185188843177e+00 6.501840836196828732e+00 1.000000000000000056e-01
2.132806845462755518e+01 1.052622175111702640e+00 9.869893185188843177e+00 6.501840836196828732e+00 1.000000000000000056e-01
2.132806845462755518e+01 1.052622175111702640e+00 9.869893185188843177e+00 6.501840836196828732e+00 1.000000000000000056e-01
2.132806845462755518e+01 1.052622175111702640e+00 9.869893185188843177e+00 6.501840836196828732e+00 1.000000000000000056e-01
2.132806845462755518e+01 1.052622175111702640e+00 9.869893185188843177e+00 6.501840836196828732e+00 1.000000000000000056e-01
2.132806845462755518e+01 1.052622175111702640e+00 9.869893185188843177e+00 6.501840836196828732e+00 1.000000000000000056e-01
2.132806845462755518e+01 1.052622175111702640e+00 9.869893185188843177e+00 6.501840836196828732e+00 1.000000000000000056e-01
2.132806845462755518e+01 1.052622175111702640e+00 9.869893185188843177e+00 6.501840836196828732e+00 1.000000000000000056e-01
2.129407693207516417e+01 1.066755970209521731e+00 9.869893185188843177e+00 6.485745417232838150e+00 1.000000000000000056e-01
2.129407693207516417e+01 1.066755970209521731e+00 9.869893185188843177e+00 6.485745417232838150e+00 1.000000000000000056e-01
2.129407693207516417e+01 1.066755970209521731e+00 9.869893185188843177e+00 6.485745417232838150e+00 1.000000000000000056e-01
2.129407693207516417e+01 1.066755970209521731e+00 9.869893185188843177e+00 6.485745417232838150e+00 1.000000000000000056e-01
2.129407693207516417e+01 1.066755970209521731e+00 9.869893185188843177e+00 6.485745417232838150e+00 1.000000000000000056e-01
2.129407693207516417e+01 1.066755970209521731e+00 9.869893185188843177e+00 6.485745417232838150e+00 1.000000000000000056e-01
2.129407693207516417e+01 1.066755970209521731e+00 9.869893185188843177e+00 6.485745417232838150e+00 1.000000000000000056e-01
2.129407693207516417e+01 1.066755970209521731e+00 9.869893185188843177e+00 6.485745417232838150e+00 1.000000000000000056e-01
2.129407693207516417e+01 1.066755970209521731e+00 9.869893185188843177e+00 6.485745417232838150e+00 1.000000000000000056e-01
2.129407693207516417e+01 1.066755970209521731e+00 9.869893185188843177e+00 6.485745417232838150e+00 1.000000000000000056e-01
2.129407693207516417e+01 1.066755970209521731e+00 9.869893185188843177e+00 6.485745417232838150e+00 1.000000000000000056e-01
2.129407693207516417e+01 1.066755970209521731e+00 9.869893185188843177e+00 6.485745417232838150e+00 1.000000000000000056e-01
2.129407693207516417e+01 1.066755970209521731e+00 9.869893185188843177e+00 6.485745417232838150e+00 1.000000000000000056e-01
2.129738139922962148e+01 1.074669390716760820e+00 9.869893185188843177e+00 6.408332121362397160e+00 1.000000000000000056e-01
2.129738139922962148e+01 1.074669390716760820e+00 9.869893185188843177e+00 6.408332121362397160e+00 1.000000000000000056e-01
2.129738139922962148e+01 1.074669390716760820e+00 9.869893185188843177e+00 6.408332121362397160e+00 1.000000000000000056e-01
2.129738139922962148e+01 1.074669390716760820e+00 9.869893185188843177e+00 6.408332121362397160e+00 1.000000000000000056e-01
2.129738139922962148e+01 1.074669390716760820e+00 9.869893185188843177e+00 6.408332121362397160e+00 1.000000000000000056e-01
2.129738139922962148e+01 1.074669390716760820e+00 9.869893185188843177e+00 6.408332121362397160e+00 1.000000000000000056e-01
2.129738139922962148e+01 1.074669390716760820e+00 9.869893185188843177e+00 6.408332121362397160e+00 1.000000000000000056e-01
2.129738139922962148e+01 1.074669390716760820e+00 9.869893185188843177e+00 6.408332121362397160e+00 1.000000000000000056e-01
2.143964024197802942e+01 1.071045618688813095e+00 9.869893185188843177e+00 6.350668160775775561e+00 1.000000000000000056e-01
2.143964024197802942e+01 1.071045618688813095e+00 9.869893185188843177e+00 6.350668160775775561e+00 1.000000000000000056e-01
2.148249731786697581e+01 1.085518183894507382e+00 9.869893185188843177e+00 6.255374590988740380e+00 1.000000000000000056e-01
2.148249731786697581e+01 1.085518183894507382e+00 9.869893185188843177e+00 6.255374590988740380e+00 1.000000000000000056e-01
2.148249731786697581e+01 1.085518183894507382e+00 9.869893185188843177e+00 6.255374590988740380e+00 1.000000000000000056e-01
2.141299951005148472e+01 1.056116623182676850e+00 9.869893185188843177e+00 6.272753077833312929e+00 1.000000000000000056e-01
2.141299951005148472e+01 1.056116623182676850e+00 9.869893185188843177e+00 6.272753077833312929e+00 1.000000000000000056e-01
2.141299951005148472e+01 1.056116623182676850e+00 9.869893185188843177e+00 6.272753077833312929e+00 1.000000000000000056e-01
2.141299951005148472e+01 1.056116623182676850e+00 9.869893185188843177e+00 6.272753077833312929e+00 1.000000000000000056e-01
2.141299951005148472e+01 1.056116623182676850e+00 9.869893185188843177e+00 6.272753077833312929e+00 1.000000000000000056e-01
2.141299951005148472e+01 1.056116623182676850e+00 9.869893185188843177e+00 6.272753077833312929e+00 1.000000000000000056e-01
2.141299951005148472e+01 1.056116623182676850e+00 9.869893185188843177e+00 6.272753077833312929e+00 1.000000000000000056e-01
2.141299951005148472e+01 1.056116623182676850e+00 9.869893185188843177e+00 6.272753077833312929e+00 1.000000000000000056e-01
2.141299951005148472e+01 1.056116623182676850e+00 9.869893185188843177e+00 6.272753077833312929e+00 1.000000000000000056e-01
2.141299951005148472e+01 1.056116623182676850e+00 9.869893185188843177e+00 6.272753077833312929e+00 1.000000000000000056e-01
2.141299951005148472e+01 1.056116623182676850e+00 9.869893185188843177e+00 6.272753077833312929e+00 1.000000000000000056e-01
2.141299951005148472e+01 1.056116623182676850e+00 9.869893185188843177e+00 6.272753077833312929e+00 1.000000000000000056e-01
2.152237294226528519e+01 1.107326115075889295e+00 9.869893185188843177e+00 6.130005849394535744e+00 1.000000000000000056e-01
2.152237294226528519e+01 1.107326115075889295e+00 9.869893185188843177e+00 6.130005849394535744e+00 1.000000000000000056e-01
2.152237294226528519e+01 1.107326115075889295e+00 9.869893185188843177e+00 6.130005849394535744e+00 1.000000000000000056e-01
2.161444572646544771e+01 1.072944656166246569e+00 9.869893185188843177e+00 6.153275109099873852e+00 1.000000000000000056e-01
2.161444572646544771e+01 1.072944656166246569e+00 9.869893185188843177e+00 6.153275109099873852e+00 1.000000000000000056e-01
