2.110475590557359382e+01 1.279923964848719509e+00 9.869893185188843177e+00 7.129155025276587843e+00 1.000000000000000056e-01
2.117843377153158357e+01 1.100933362788438119e+00 9.869893185188843177e+00 7.024773085204283340e+00 1.000000000000000056e-01
2.113711426517098246e+01 1.146678643300455658e+00 9.869893185188843177e+00 6.879074578816691599e+00 1.000000000000000056e-01
2.113711426517098246e+01 1.146678643300455658e+00 9.869893185188843177e+00 6.879074578816691599e+00 1.000000000000000056e-01
2.113711426517098246e+01 1.146678643300455658e+00 9.869893185188843177e+00 6.879074578816691599e+00 1.000000000000000056e-01
2.119581560313548252e+01 1.027974318574470303e+00 9.869893185188843177e+00 6.950514039468595584e+00 1.000000000000000056e-01
2.119581560313548252e+01 1.027974318574470303e+00 9.869893185188843177e+00 6.950514039468595584e+00 1.000000000000000056e-01
2.119581560313548252e+01 1.027974318574470303e+00 9.869893185188843177e+00 6.950514039468595584e+00 1.000000000000000056e-01
2.119581560313548252e+01 1.027974318574470303e+00 9.869893185188843177e+00 6.950514039468595584e+00 1.000000000000000056e-01
2.119581560313548252e+01 1.027974318574470303e+00 9.869893185188843177e+00 6.950514039468595584e+00 1.000000000000000056e-01
2.126128445004470890e+01 1.068635726593434310e+00 9.869893185188843177e+00 6.956055091984495675e+00 1.000000000000000056e-01
2.126128445004470890e+01 1.068635726593434310e+00 9.869893185188843177e+00 6.956055091984495675e+00 1.000000000000000056e-01
2.126128445004470890e+01 1.068635726593434310e+00 9.869893185188843177e+00 6.956055091984495675e+00 1.000000000000000056e-01
2.118627844742884037e+01 1.069105101078824838e+00 9.869893185188843177e+00 6.830106697799653404e+00 1.000000000000000056e-01
2.118627844742884037e+01 1.069105101078824838e+00 9.869893185188843177e+00 6.830106697799653404e+00 1.000000000000000056e-01
2.118627844742884037e+01 1.069105101078824838e+00 9.869893185188843177e+00 6.830106697799653404e+00 1.000000000000000056e-01
2.118627844742884037e+01 1.069105101078824838e+00 9.869893185188843177e+00 6.830106697799653404e+00 1.000000000000000056e-01
2.118627844742884037e+01 1.069105101078824838e+00 9.869893185188843177e+00 6.830106697799653404e+00 1.000000000000000056e-01
2.118627844742884037e+01 1.069105101078824838e+00 9.869893185188843177e+00 6.830106697799653404e+00 1.000000000000000056e-01
2.118627844742884037e+01 1.069105101078824838e+00 9.869893185188843177e+00 6.830106697799653404e+00 1.000000000000000056e-01
2.117186618167469803e+01 1.109714427486021560e+00 9.869893185188843177e+00 6.681861419862221929e+00 1.000000000000000056e-01
2.117186618167469803e+01 1.109714427486021560e+00 9.869893185188843177e+00 6.681861419862221929e+00 1.000000000000000056e-01
2.117186618167469803e+01 1.109714427486021560e+00 9.869893185188843177e+00 6.681861419862221929e+00 1.000000000000000056e-01
2.117186618167469803e+01 1.109714427486021560e+00 9.869893185188843177e+00 6.681861419862221929e+00 1.000000000000000056e-01
2.117186618167469803e+01 1.109714427486021560e+00 9.869893185188843177e+00 6.681861419862221929e+00 1.000000000000000056e-01
2.117186618167469803e+01 1.109714427486021560e+00 9.869893185188843177e+00 6.681861419862221929e+00 1.000000000000000056e-01
2.117186618167469803e+01 1.109714427486021560e+00 9.869893185188843177e+00 6.681861419862221929e+00 1.000000000000000056e-01
2.117186618167469803e+01 1.109714427486021560e+00 9.869893185188843177e+00 6.681861419862221929e+00 1.000000000000000056e-01
2.114483217908671264e+01 1.052143781699485414e+00 9.869893185188843177e+00 6.745452894297247148e+00 1.000000000000000056e-01
2.117201225272293641e+01 1.074870371090585364e+00 9.869893185188843177e+00 6.663653266843899026e+00 1.000000000000000056e-01
2.117201225272293641e+01 1.074870371090585364e+00 9.869893185188843177e+00 6.663653266843899026e+00 1.000000000000000056e-01
2.117201225272293641e+01 1.074870371090585364e+00 9.869893185188843177e+00 6.663653266843899026e+00 1.000000000000000056e-01
2.117201225272293641e+01 1.074870371090585364e+00 9.869893185188843177e+00 6.663653266843899026e+00 1.000000000000000056e-01
2.117201225272293641e+01 1.074870371090585364e+00 9.869893185188843177e+00 6.663653266843899026e+00 1.000000000000000056e-01
2.117201225272293641e+01 1.074870371090585364e+00 9.869893185188843177e+00 6.663653266843899026e+00 1.000000000000000056e-01
2.117201225272293641e+01 1.074870371090585364e+00 9.869893185188843177e+00 6.663653266843899026e+00 1.000000000000000056e-01
2.117201225272293641e+01 1.074870371090585364e+00 9.869893185188843177e+00 6.663653266843899026e+00 1.000000000000000056e-01
2.127147119443181467e+01 1.067602738691651565e+00 9.869893185188843177e+00 6.554401944522021850e+00 1.000000000000000056e-01
2.127147119443181467e+01 1.067602738691651565e+00 9.869893185188843177e+00 6.554401944522021850e+00 1.000000000000000056e-01
2.127147119443181467e+01 1.067602738691651565e+00 9.869893185188843177e+00 6.554401944522021850e+00 1.000000000000000056e-01
2.127147119443181467e+01 1.067602738691651565e+00 9.869893185188843177e+00 6.554401944522021850e+00 1.000000000000000056e-01
2.127147119443181467e+01 1.067602738691651565e+00 9.869893185188843177e+00 6.554401944522021850e+00 1.000000000000000056e-01
2.127147119443181467e+01 1.067602738691651565e+00 9.869893185188843177e+00 6.554401944522021850e+00 1.000000000000000056e-01
2.127147119443181467e+01 1.067602738691651565e+00 9.869893185188843177e+00 6.554401944522021850e+00 1.000000000000000056e-01
2.128126628474775828e+01 1.097281258475159227e+00 9.869893185188843177e+00 6.483606597967050966e+00 1.000000000000000056e-01
2.128126628474775828e+01 1.097281258475159227e+00 9.869893185188843177e+00 6.483606597967050966e+00 1.000000000000000056e-01
2.128126628474775828e+01 1.097281258475159227e+00 9.869893185188843177e+00 6.483606597967050966e+00 1.000000000000000056e-01
2.135092503183228629e+01 1.050352866288191356e+00 9.869893185188843177e+00 6.484240372394392438e+00 1.000000000000000056e-01
2.135092503183228629e+01 1.050352866288191356e+00 9.869893185188843177e+00 6.484240372394392438e+00 1.000000000000000056e-01
2.135092503183228629e+01 1.050352866288191356e+00 9.869893185188843177e+00 6.484240372394392438e+00 1.000000000000000056e-01
2.135092503183228629e+01 1.050352866288191356e+00 9.869893185188843177e+00 6.484240372394392438e+00 1.000000000000000056e-01
2.138547177276404199e+01 1.039241665620925570e+00 9.869893185188843177e+00 6.432233418022238247e+00 1.000000000000000056e-01
2.132071515259615069e+01 1.067309144681914956e+00 9.869893185188843177e+00 6.405926643797087650e+00 1.000000000000000056e-01
2.132071515259615069e+01 1.067309144681914956e+00 9.869893185188843177e+00 6.405926643797087650e+00 1.000000000000000056e-01
2.132071515259615069e+01 1.067309144681914956e+00 9.869893185188843177e+00 6.405926643797087650e+00 1.000000000000000056e-01
2.132071515259615069e+01 1.067309144681914956e+00 9.869893185188843177e+00 6.405926643797087650e+00 1.000000000000000056e-01
2.132071515259615069e+01 1.067309144681914956e+00 9.869893185188843177e+00 6.405926643797087650e+00 1.000000000000000056e-01
2.132071515259615069e+01 1.067309144681914956e+00 9.869893185188843177e+00 6.405926643797087650e+00 1.000000000000000056e-01
2.132071515259615069e+01 1.067309144681914956e+00 9.869893185188843177e+00 6.405926643797087650e+00 1.000000000000000056e-01
2.134530346761927788e+01 1.065091289570977873e+00 9.869893185188843177e+00 6.400154091345394924e+00 1.000000000000000056e-01
2.134530346761927788e+01 1.065091289570977873e+00 9.869893185188843177e+00 6.400154091345394924e+00 1.000000000000000056e-01
2.134530346761927788e+01 1.065091289570977873e+00 9.869893185188843177e+00 6.400154091345394924e+00 1.000000000000000056e-01
2.134530346761927788e+01 1.065091289570977873e+00 9.869893185188843177e+00 6.400154091345394924e+00 1.000000000000000056e-01
2.134530346761927788e+01 1.065091289570977873e+00 9.869893185188843177e+00 6.400154091345394924e+00 1.000000000000000056e-01
2.134530346761927788e+01 1.065091289570977873e+00 9.869893185188843177e+00 6.400154091345394924e+00 1.000000000000000056e-01
2.134530346761927788e+01 1.065091289570977873e+00 9.869893185188843177e+00 6.400154091345394924e+00 1.000000000000000056e-01
2.134530346761927788e+01 1.065091289570977873e+00 9.869893185188843177e+00 6.400154091345394924e+00 1.000000000000000056e-01
2.134530346761927788e+01 1.065091289570977873e+00 9.869893185188843177e+00 6.400154091345394924e+00 1.000000000000000056e-01
2.134530346761927788e+01 1.065091289570977873e+00 9.869893185188843177e+00 6.400154091345394924e+00 1.000000000000000056e-01
2.134530346761927788e+01 1.065091289570977873e+00 9.869893185188843177e+00 6.400154091345394924e+00 1.000000000000000056e-01
2.130749069245825922e+01 1.106891097135249691e+00 9.869893185188843177e+00 6.254028652068933880e+00 1.000000000000000056e-01
2.130749069245825922e+01 1.106891097135249691e+00 9.869893185188843177e+00 6.254028652068933880e+00 1.000000000000000056e-01
2.130749069245825922e+01 1.106891097135249691e+00 9.869893185188843177e+00 6.254028652068933880e+00 1.000000000000000056e-01
2.112526899369950328e+01 1.091354067813692152e+00 9.869893185188843177e+00 6.104310503261800136e+00 1.000000000000000056e-01
2.124770158804973974e+01 1.121818868013768622e+00 9.869893185188843177e+00 6.029045066220530380e+00 1.000000000000000056e-01
2.127161343789356707e+01 1.080902033683129204e+00 9.869893185188843177e+00 6.021897880384690538e+00 1.000000000000000056e-01
2.127161343789356707e+01 1.080902033683129204e+00 9.869893185188843177e+00 6.021897880384690538e+00 1.000000000000000056e-01
2.127161343789356707e+01 1.080902033683129204e+00 9.869893185188843177e+00 6.021897880384690538e+00 1.000000000000000056e-01
2.127161343789356707e+01 1.080902033683129204e+00 9.869893185188843177e+00 6.021897880384690538e+00 1.000000000000000056e-01
2.127161343789356707e+01 1.080902033683129204e+00 9.869893185188843177e+00 6.021897880384690538e+00 1.000000000000000056e-01
2.143078594446505036e+01 1.077042852849324550e+00 9.869893185188843177e+00 6.004294864143210120e+00 1.000000000000000056e-01
2.143078594446505036e+01 1.077042852849324550e+00 9.869893185188843177e+00 6.004294864143210120e+00 1.000000000000000056e-01
2.143078594446505036e+01 1.077042852849324550e+00 9.869893185188843177e+00 6.004294864143210120e+00 1.000000000000000056e-01
2.143078594446505036e+01 1.077042852849324550e+00 9.869893185188843177e+00 6.004294864143210120e+00 1.000000000000000056e-01
2.143078594446505036e+01 1.077042852849324550e+00 9.869893185188843177e+00 6.004294864143210120e+00 1.000000000000000056e-01
2.143078594446505036e+01 1.077042852849324550e+00 9.869893185188843177e+00 6.004294864143210120e+00 1.000000000000000056e-01
2.143078594446505036e+01 1.077042852849324550e+00 9.869893185188843177e+00 6.004294864143210120e+00 1.000000000000000056e-01
2.143078594446505036e+01 1.077042852849324550e+00 9.869893185188843177e+00 6.004294864143210120e+00 1.000000000000000056e-01
2.143078594446505036e+01 1.077042852849324550e+00 9.869893185188843177e+00 6.004294864143210120e+00 1.000000000000000056e-01
2.143078594446505036e+01 1.077042852849324550e+00 9.869893185188843177e+00 6.004294864143210120e+00 1.000000000000000056e-01
2.143078594446505036e+01 1.077042852849324550e+00 9.869893185188843177e+00 6.004294864143210120e+00 1.000000000000000056e-01
2.143078594446505036e+01 1.077042852849324550e+00 9.869893185188843177e+00 6.004294864143210120e+00 1.000000000000000056e-01
2.143078594446505036e+01 1.077042852849324550e+00 9.869893185188843177e+00 6.004294864143210120e+00 1.000000000000000056e-01
2.140133183644774917e+01 1.058158089943653346e+00 9.869893185188843177e+00 5.966316384142925422e+00 1.000000000000000056e-01
2.129427574624485686e+01 1.080654101827018598e+00 9.869893185188843177e+00 5.770986088706292705e+00 1.000000000000000056e-01
2.129427574624485686e+01 1.080654101827018598e+00 9.869893185188843177e+00 5.770986088706292705e+00 1.000000000000000056e-01
2.129427574624485686e+01 1.080654101827018598e+00 9.869893185188843177e+00 5.770986088706292705e+00 1.000000000000000056e-01
2.129427574624485686e+01 1.080654101827018598e+00 9.869893185188843177e+00 5.770986088706292705e+00 1.000000000000000056e-01
2.129427574624485686e+01 1.080654101827018598e+00 9.869893185188843177e+00 5.770986088706292705e+00 1.000000000000000056e-01
2.129427574624485686e+01 1.080654101827018598e+00 9.869893185188843177e+00 5.770986088706292705e+00 1.000000000000000056e-01
