2.104302200727483907e+01 1.397477062728232244e+00 9.869893185188843177e+00 6.977207125882280536e+00 1.000000000000000056e-01
2.104302200727483907e+01 1.397477062728232244e+00 9.869893185188843177e+00 6.977207125882280536e+00 1.000000000000000056e-01
2.103870897143620056e+01 1.390128781183008755e+00 9.869893185188843177e+00 6.977553254159275298e+00 1.000000000000000056e-01
2.103870897143620056e+01 1.390128781183008755e+00 9.869893185188843177e+00 6.977553254159275298e+00 1.000000000000000056e-01
2.101699182998028448e+01 1.372700764421597386e+00 9.869893185188843177e+00 6.989774259054226668e+00 1.000000000000000056e-01
2.101699182998028448e+01 1.372700764421597386e+00 9.869893185188843177e+00 6.989774259054226668e+00 1.000000000000000056e-01
2.100162372557844037e+01 1.363072786375226553e+00 9.869893185188843177e+00 7.019304866724688452e+00 1.000000000000000056e-01
2.100162372557844037e+01 1.363072786375226553e+00 9.869893185188843177e+00 7.019304866724688452e+00 1.000000000000000056e-01
2.100162372557844037e+01 1.363072786375226553e+00 9.869893185188843177e+00 7.019304866724688452e+00 1.000000000000000056e-01
2.100162372557844037e+01 1.363072786375226553e+00 9.869893185188843177e+00 7.019304866724688452e+00 1.000000000000000056e-01
2.098631237741867395e+01 1.354564340917365106e+00 9.869893185188843177e+00 7.014569900978513850e+00 1.000000000000000056e-01
2.100777672600843005e+01 1.345110667389905368e+00 9.869893185188843177e+00 6.995573032081455978e+00 1.000000000000000056e-01
2.101736207403353873e+01 1.340101130866033552e+00 9.869893185188843177e+00 6.987998027744941609e+00 1.000000000000000056e-01
2.103642974640568752e+01 1.326522643286350167e+00 9.869893185188843177e+00 6.973740818333785008e+00 1.000000000000000056e-01
2.103642974640568752e+01 1.326522643286350167e+00 9.869893185188843177e+00 6.973740818333785008e+00 1.000000000000000056e-01
2.106221196858433586e+01 1.305546306733879725e+00 9.869893185188843177e+00 6.991880642375312149e+00 1.000000000000000056e-01
2.107155669239451967e+01 1.294883705902853954e+00 9.869893185188843177e+00 6.972357779161865388e+00 1.000000000000000056e-01
2.108250744860394832e+01 1.265486549803677363e+00 9.869893185188843177e+00 6.945593253091773889e+00 1.000000000000000056e-01
2.108442789367670400e+01 1.258100927567154415e+00 9.869893185188843177e+00 6.966485509079789473e+00 1.000000000000000056e-01
2.107775704063691435e+01 1.246589910815439906e+00 9.869893185188843177e+00 6.954469364604429771e+00 1.000000000000000056e-01
2.107775704063691435e+01 1.246589910815439906e+00 9.869893185188843177e+00 6.954469364604429771e+00 1.000000000000000056e-01
2.107775704063691435e+01 1.246589910815439906e+00 9.869893185188843177e+00 6.954469364604429771e+00 1.000000000000000056e-01
2.103276542787001091e+01 1.237569106480114867e+00 9.869893185188843177e+00 6.938681604781662848e+00 1.000000000000000056e-01
2.103276542787001091e+01 1.237569106480114867e+00 9.869893185188843177e+00 6.938681604781662848e+00 1.000000000000000056e-01
2.105440448791645736e+01 1.223928089812272635e+00 9.869893185188843177e+00 6.935693412858772611e+00 1.000000000000000056e-01
2.105440448791645736e+01 1.223928089812272635e+00 9.869893185188843177e+00 6.935693412858772611e+00 1.000000000000000056e-01
2.104454510955405411e+01 1.218802463359183186e+00 9.869893185188843177e+00 6.944861640333294339e+00 1.000000000000000056e-01
2.105298700385461075e+01 1.195814379289461993e+00 9.869893185188843177e+00 6.931365722655241868e+00 1.000000000000000056e-01
2.105298700385461075e+01 1.195814379289461993e+00 9.869893185188843177e+00 6.931365722655241868e+00 1.000000000000000056e-01
2.105298700385461075e+01 1.195814379289461993e+00 9.869893185188843177e+00 6.931365722655241868e+00 1.000000000000000056e-01
2.105298700385461075e+01 1.195814379289461993e+00 9.869893185188843177e+00 6.931365722655241868e+00 1.000000000000000056e-01
2.105298700385461075e+01 1.195814379289461993e+00 9.869893185188843177e+00 6.931365722655241868e+00 1.000000000000000056e-01
2.109858074272869999e+01 1.185972821889277329e+00 9.869893185188843177e+00 6.929994521757469883e+00 1.000000000000000056e-01
2.112507032101897408e+01 1.185108582409695632e+00 9.869893185188843177e+00 6.926226335755448105e+00 1.000000000000000056e-01
2.113558305697489814e+01 1.173187054897942616e+00 9.869893185188843177e+00 6.926382357915231047e+00 1.000000000000000056e-01
2.112475285411722936e+01 1.173414950961067627e+00 9.869893185188843177e+00 6.916334981756237177e+00 1.000000000000000056e-01
2.112475285411722936e+01 1.173414950961067627e+00 9.869893185188843177e+00 6.916334981756237177e+00 1.000000000000000056e-01
2.112421266684301457e+01 1.166990012838982071e+00 9.869893185188843177e+00 6.926511338470257684e+00 1.000000000000000056e-01
2.113869187961610052e+01 1.165880690169019518e+00 9.869893185188843177e+00 6.906224868990340937e+00 1.000000000000000056e-01
2.113869187961610052e+01 1.165880690169019518e+00 9.869893185188843177e+00 6.906224868990340937e+00 1.000000000000000056e-01
2.113140207213583111e+01 1.165950948826958600e+00 9.869893185188843177e+00 6.878123777461048860e+00 1.000000000000000056e-01
2.113140207213583111e+01 1.165950948826958600e+00 9.869893185188843177e+00 6.878123777461048860e+00 1.000000000000000056e-01
2.112997983894908316e+01 1.160442968664963770e+00 9.869893185188843177e+00 6.885796330847743008e+00 1.000000000000000056e-01
2.111515449708682723e+01 1.153975606217476191e+00 9.869893185188843177e+00 6.904356223149360261e+00 1.000000000000000056e-01
2.110935989655632383e+01 1.130155347877243921e+00 9.869893185188843177e+00 6.908920287265986282e+00 1.000000000000000056e-01
2.108977745180300190e+01 1.121637713040805728e+00 9.869893185188843177e+00 6.927404589745695951e+00 1.000000000000000056e-01
2.107771762539874061e+01 1.116393155249504332e+00 9.869893185188843177e+00 6.929901397200923796e+00 1.000000000000000056e-01
2.108380454557926598e+01 1.105945977388193224e+00 9.869893185188843177e+00 6.928143665425370301e+00 1.000000000000000056e-01
2.108792691856564971e+01 1.101979563985292954e+00 9.869893185188843177e+00 6.925449494325171429e+00 1.000000000000000056e-01
2.109082207643656304e+01 1.041063566101372739e+00 9.869893185188843177e+00 6.949864538922495782e+00 1.000000000000000056e-01
2.109082207643656304e+01 1.041063566101372739e+00 9.869893185188843177e+00 6.949864538922495782e+00 1.000000000000000056e-01
2.109100899417526520e+01 1.035617260582155197e+00 9.869893185188843177e+00 6.937996959585454704e+00 1.000000000000000056e-01
2.109547902623137006e+01 1.020530104486190082e+00 9.869893185188843177e+00 6.900567943481044964e+00 1.000000000000000056e-01
2.108029842944862153e+01 1.029810032909643791e+00 9.869893185188843177e+00 6.888041834397006902e+00 1.000000000000000056e-01
2.108029842944862153e+01 1.029810032909643791e+00 9.869893185188843177e+00 6.888041834397006902e+00 1.000000000000000056e-01
2.108029842944862153e+01 1.029810032909643791e+00 9.869893185188843177e+00 6.888041834397006902e+00 1.000000000000000056e-01
2.108029842944862153e+01 1.029810032909643791e+00 9.869893185188843177e+00 6.888041834397006902e+00 1.000000000000000056e-01
2.108029842944862153e+01 1.029810032909643791e+00 9.869893185188843177e+00 6.888041834397006902e+00 1.000000000000000056e-01
2.108029842944862153e+01 1.029810032909643791e+00 9.869893185188843177e+00 6.888041834397006902e+00 1.000000000000000056e-01
2.108247566051865363e+01 1.047097518324939580e+00 9.869893185188843177e+00 6.879013786882946846e+00 1.000000000000000056e-01
2.108825956842240856e+01 1.063647729575165179e+00 9.869893185188843177e+00 6.871525279096246663e+00 1.000000000000000056e-01
2.108825956842240856e+01 1.063647729575165179e+00 9.869893185188843177e+00 6.871525279096246663e+00 1.000000000000000056e-01
2.110253486543532375e+01 1.065643257047142356e+00 9.869893185188843177e+00 6.855939619716521882e+00 1.000000000000000056e-01
2.111222177744880568e+01 1.050644221920884025e+00 9.869893185188843177e+00 6.844505731263918591e+00 1.000000000000000056e-01
2.112002704830384658e+01 1.050958180289606636e+00 9.869893185188843177e+00 6.843820910364885712e+00 1.000000000000000056e-01
2.112002704830384658e+01 1.050958180289606636e+00 9.869893185188843177e+00 6.843820910364885712e+00 1.000000000000000056e-01
2.112002704830384658e+01 1.050958180289606636e+00 9.869893185188843177e+00 6.843820910364885712e+00 1.000000000000000056e-01
2.112002704830384658e+01 1.050958180289606636e+00 9.869893185188843177e+00 6.843820910364885712e+00 1.000000000000000056e-01
2.113405997342992748e+01 1.052457307657564733e+00 9.869893185188843177e+00 6.804852218557731369e+00 1.000000000000000056e-01
2.113485349845526429e+01 1.050567891480358007e+00 9.869893185188843177e+00 6.799541641934413683e+00 1.000000000000000056e-01
2.113485349845526429e+01 1.050567891480358007e+00 9.869893185188843177e+00 6.799541641934413683e+00 1.000000000000000056e-01
2.113485349845526429e+01 1.050567891480358007e+00 9.869893185188843177e+00 6.799541641934413683e+00 1.000000000000000056e-01
2.113485349845526429e+01 1.050567891480358007e+00 9.869893185188843177e+00 6.799541641934413683e+00 1.000000000000000056e-01
2.113485349845526429e+01 1.050567891480358007e+00 9.869893185188843177e+00 6.799541641934413683e+00 1.000000000000000056e-01
2.116697449795594466e+01 1.039919106602469556e+00 9.869893185188843177e+00 6.787782421255148968e+00 1.000000000000000056e-01
2.116737619245892787e+01 1.033113288814540454e+00 9.869893185188843177e+00 6.754968532736648434e+00 1.000000000000000056e-01
2.116737619245892787e+01 1.033113288814540454e+00 9.869893185188843177e+00 6.754968532736648434e+00 1.000000000000000056e-01
2.116737619245892787e+01 1.033113288814540454e+00 9.869893185188843177e+00 6.754968532736648434e+00 1.000000000000000056e-01
2.116737619245892787e+01 1.033113288814540454e+00 9.869893185188843177e+00 6.754968532736648434e+00 1.000000000000000056e-01
2.116737619245892787e+01 1.033113288814540454e+00 9.869893185188843177e+00 6.754968532736648434e+00 1.000000000000000056e-01
2.116737619245892787e+01 1.033113288814540454e+00 9.869893185188843177e+00 6.754968532736648434e+00 1.000000000000000056e-01
2.116737619245892787e+01 1.033113288814540454e+00 9.869893185188843177e+00 6.754968532736648434e+00 1.000000000000000056e-01
2.114026563837346728e+01 1.031069896845085099e+00 9.869893185188843177e+00 6.732719852985995068e+00 1.000000000000000056e-01
2.114026563837346728e+01 1.031069896845085099e+00 9.869893185188843177e+00 6.732719852985995068e+00 1.000000000000000056e-01
2.112240267595549525e+01 1.033417342527924054e+00 9.869893185188843177e+00 6.712340607031011430e+00 1.000000000000000056e-01
2.112240267595549525e+01 1.033417342527924054e+00 9.869893185188843177e+00 6.712340607031011430e+00 1.000000000000000056e-01
2.112240267595549525e+01 1.033417342527924054e+00 9.869893185188843177e+00 6.712340607031011430e+00 1.000000000000000056e-01
2.113724950706765071e+01 1.049144280591862932e+00 9.869893185188843177e+00 6.700411914732803176e+00 1.000000000000000056e-01
2.114556053324057316e+01 1.046423909247703454e+00 9.869893185188843177e+00 6.693049256826933302e+00 1.000000000000000056e-01
2.115258240811822077e+01 1.042262767049671579e+00 9.869893185188843177e+00 6.686435684318060346e+00 1.000000000000000056e-01
2.115258240811822077e+01 1.042262767049671579e+00 9.869893185188843177e+00 6.686435684318060346e+00 1.000000000000000056e-01
2.115258240811822077e+01 1.042262767049671579e+00 9.869893185188843177e+00 6.686435684318060346e+00 1.000000000000000056e-01
2.115258240811822077e+01 1.042262767049671579e+00 9.869893185188843177e+00 6.686435684318060346e+00 1.000000000000000056e-01
2.115258240811822077e+01 1.042262767049671579e+00 9.869893185188843177e+00 6.686435684318060346e+00 1.000000000000000056e-01
2.117230361806512917e+01 1.060508367427333010e+00 9.869893185188843177e+00 6.676241260119976317e+00 1.000000000000000056e-01
2.117230361806512917e+01 1.060508367427333010e+00 9.869893185188843177e+00 6.676241260119976317e+00 1.000000000000000056e-01
2.117230361806512917e+01 1.060508367427333010e+00 9.869893185188843177e+00 6.676241260119976317e+00 1.000000000000000056e-01
2.117230361806512917e+01 1.060508367427333010e+00 9.869893185188843177e+00 6.676241260119976317e+00 1.000000000000000056e-01
2.117230361806512917e+01 1.060508367427333010e+00 9.869893185188843177e+00 6.676241260119976317e+00 1.000000000000000056e-01
2.116872398735451810e+01 1.065011021586216744e+00 9.869893185188843177e+00 6.663420981293791456e+00 1.000000000000000056e-01
