2.103914580476243046e+01 1.399999999999999911e+00 9.869893185188843177e+00 7.000000000000000000e+00 1.000000000000000056e-01
2.103914580476243046e+01 1.399999999999999911e+00 9.869893185188843177e+00 7.000000000000000000e+00 1.000000000000000056e-01
2.103914580476243046e+01 1.399999999999999911e+00 9.869893185188843177e+00 7.000000000000000000e+00 1.000000000000000056e-01
2.102110882515740187e+01 1.305264362656520349e+00 9.869893185188843177e+00 7.041655178393840586e+00 1.000000000000000056e-01
2.110863024701246715e+01 1.212123154106382383e+00 9.869893185188843177e+00 7.130222505730678506e+00 1.000000000000000056e-01
2.125370442902497459e+01 1.209052132550527459e+00 9.869893185188843177e+00 7.116633647019803277e+00 1.000000000000000056e-01
2.106916390826179608e+01 1.119263061613588572e+00 9.869893185188843177e+00 7.174595502819209436e+00 1.000000000000000056e-01
2.106916390826179608e+01 1.119263061613588572e+00 9.869893185188843177e+00 7.174595502819209436e+00 1.000000000000000056e-01
2.106916390826179608e+01 1.119263061613588572e+00 9.869893185188843177e+00 7.174595502819209436e+00 1.000000000000000056e-01
2.106916390826179608e+01 1.119263061613588572e+00 9.869893185188843177e+00 7.174595502819209436e+00 1.000000000000000056e-01
2.106916390826179608e+01 1.119263061613588572e+00 9.869893185188843177e+00 7.174595502819209436e+00 1.000000000000000056e-01
2.106916390826179608e+01 1.119263061613588572e+00 9.869893185188843177e+00 7.174595502819209436e+00 1.000000000000000056e-01
2.106916390826179608e+01 1.119263061613588572e+00 9.869893185188843177e+00 7.174595502819209436e+00 1.000000000000000056e-01
2.099170127346996395e+01 1.043110669347842911e+00 9.869893185188843177e+00 7.203535162817532367e+00 1.000000000000000056e-01
2.099170127346996395e+01 1.043110669347842911e+00 9.869893185188843177e+00 7.203535162817532367e+00 1.000000000000000056e-01
2.099170127346996395e+01 1.043110669347842911e+00 9.869893185188843177e+00 7.203535162817532367e+00 1.000000000000000056e-01
2.099170127346996395e+01 1.043110669347842911e+00 9.869893185188843177e+00 7.203535162817532367e+00 1.000000000000000056e-01
2.099170127346996395e+01 1.043110669347842911e+00 9.869893185188843177e+00 7.203535162817532367e+00 1.000000000000000056e-01
2.099170127346996395e+01 1.043110669347842911e+00 9.869893185188843177e+00 7.203535162817532367e+00 1.000000000000000056e-01
2.099170127346996395e+01 1.043110669347842911e+00 9.869893185188843177e+00 7.203535162817532367e+00 1.000000000000000056e-01
2.099170127346996395e+01 1.043110669347842911e+00 9.869893185188843177e+00 7.203535162817532367e+00 1.000000000000000056e-01
2.099170127346996395e+01 1.043110669347842911e+00 9.869893185188843177e+00 7.203535162817532367e+00 1.000000000000000056e-01
2.099170127346996395e+01 1.043110669347842911e+00 9.869893185188843177e+00 7.203535162817532367e+00 1.000000000000000056e-01
2.099170127346996395e+01 1.043110669347842911e+00 9.869893185188843177e+00 7.203535162817532367e+00 1.000000000000000056e-01
2.084270156140882690e+01 1.052704175178494905e+00 9.869893185188843177e+00 7.027166994462793248e+00 1.000000000000000056e-01
2.084270156140882690e+01 1.052704175178494905e+00 9.869893185188843177e+00 7.027166994462793248e+00 1.000000000000000056e-01
2.084270156140882690e+01 1.052704175178494905e+00 9.869893185188843177e+00 7.027166994462793248e+00 1.000000000000000056e-01
2.084270156140882690e+01 1.052704175178494905e+00 9.869893185188843177e+00 7.027166994462793248e+00 1.000000000000000056e-01
2.084270156140882690e+01 1.052704175178494905e+00 9.869893185188843177e+00 7.027166994462793248e+00 1.000000000000000056e-01
2.084270156140882690e+01 1.052704175178494905e+00 9.869893185188843177e+00 7.027166994462793248e+00 1.000000000000000056e-01
2.084270156140882690e+01 1.052704175178494905e+00 9.869893185188843177e+00 7.027166994462793248e+00 1.000000000000000056e-01
2.084270156140882690e+01 1.052704175178494905e+00 9.869893185188843177e+00 7.027166994462793248e+00 1.000000000000000056e-01
2.084270156140882690e+01 1.052704175178494905e+00 9.869893185188843177e+00 7.027166994462793248e+00 1.000000000000000056e-01
2.084270156140882690e+01 1.052704175178494905e+00 9.869893185188843177e+00 7.027166994462793248e+00 1.000000000000000056e-01
2.084270156140882690e+01 1.052704175178494905e+00 9.869893185188843177e+00 7.027166994462793248e+00 1.000000000000000056e-01
2.084270156140882690e+01 1.052704175178494905e+00 9.869893185188843177e+00 7.027166994462793248e+00 1.000000000000000056e-01
2.084270156140882690e+01 1.052704175178494905e+00 9.869893185188843177e+00 7.027166994462793248e+00 1.000000000000000056e-01
2.081341394921212640e+01 1.040092294463898615e+00 9.869893185188843177e+00 6.978447701532952685e+00 1.000000000000000056e-01
2.081341394921212640e+01 1.040092294463898615e+00 9.869893185188843177e+00 6.978447701532952685e+00 1.000000000000000056e-01
2.081341394921212640e+01 1.040092294463898615e+00 9.869893185188843177e+00 6.978447701532952685e+00 1.000000000000000056e-01
2.081341394921212640e+01 1.040092294463898615e+00 9.869893185188843177e+00 6.978447701532952685e+00 1.000000000000000056e-01
2.081341394921212640e+01 1.040092294463898615e+00 9.869893185188843177e+00 6.978447701532952685e+00 1.000000000000000056e-01
2.081341394921212640e+01 1.040092294463898615e+00 9.869893185188843177e+00 6.978447701532952685e+00 1.000000000000000056e-01
2.081341394921212640e+01 1.040092294463898615e+00 9.869893185188843177e+00 6.978447701532952685e+00 1.000000000000000056e-01
2.081341394921212640e+01 1.040092294463898615e+00 9.869893185188843177e+00 6.978447701532952685e+00 1.000000000000000056e-01
2.081341394921212640e+01 1.040092294463898615e+00 9.869893185188843177e+00 6.978447701532952685e+00 1.000000000000000056e-01
2.081341394921212640e+01 1.040092294463898615e+00 9.869893185188843177e+00 6.978447701532952685e+00 1.000000000000000056e-01
2.084899382787978794e+01 1.049165984210727265e+00 9.869893185188843177e+00 6.955006587492581716e+00 1.000000000000000056e-01
2.084899382787978794e+01 1.049165984210727265e+00 9.869893185188843177e+00 6.955006587492581716e+00 1.000000000000000056e-01
2.084899382787978794e+01 1.049165984210727265e+00 9.869893185188843177e+00 6.955006587492581716e+00 1.000000000000000056e-01
2.084899382787978794e+01 1.049165984210727265e+00 9.869893185188843177e+00 6.955006587492581716e+00 1.000000000000000056e-01
2.075941409341909605e+01 1.016310812442700939e+00 9.869893185188843177e+00 6.873270906935266211e+00 1.000000000000000056e-01
2.078066653905872485e+01 1.034867475416689997e+00 9.869893185188843177e+00 6.920241018824330403e+00 1.000000000000000056e-01
2.078066653905872485e+01 1.034867475416689997e+00 9.869893185188843177e+00 6.920241018824330403e+00 1.000000000000000056e-01
2.073887638883576301e+01 1.079687058133193656e+00 9.869893185188843177e+00 6.903510514871365800e+00 1.000000000000000056e-01
2.073887638883576301e+01 1.079687058133193656e+00 9.869893185188843177e+00 6.903510514871365800e+00 1.000000000000000056e-01
2.073887638883576301e+01 1.079687058133193656e+00 9.869893185188843177e+00 6.903510514871365800e+00 1.000000000000000056e-01
2.073887638883576301e+01 1.079687058133193656e+00 9.869893185188843177e+00 6.903510514871365800e+00 1.000000000000000056e-01
2.073887638883576301e+01 1.079687058133193656e+00 9.869893185188843177e+00 6.903510514871365800e+00 1.000000000000000056e-01
2.056623787979122753e+01 1.091656301862005130e+00 9.869893185188843177e+00 6.869001210535551571e+00 1.000000000000000056e-01
2.056623787979122753e+01 1.091656301862005130e+00 9.869893185188843177e+00 6.869001210535551571e+00 1.000000000000000056e-01
2.050225542733771178e+01 1.109930938244043208e+00 9.869893185188843177e+00 6.809402975252684342e+00 1.000000000000000056e-01
2.055173660894199372e+01 1.019164869587004807e+00 9.869893185188843177e+00 6.747407549694782958e+00 1.000000000000000056e-01
2.055173660894199372e+01 1.019164869587004807e+00 9.869893185188843177e+00 6.747407549694782958e+00 1.000000000000000056e-01
2.055173660894199372e+01 1.019164869587004807e+00 9.869893185188843177e+00 6.747407549694782958e+00 1.000000000000000056e-01
2.055173660894199372e+01 1.019164869587004807e+00 9.869893185188843177e+00 6.747407549694782958e+00 1.000000000000000056e-01
2.037413154482858246e+01 1.056337418615117096e+00 9.869893185188843177e+00 6.733413022834719541e+00 1.000000000000000056e-01
2.037413154482858246e+01 1.056337418615117096e+00 9.869893185188843177e+00 6.733413022834719541e+00 1.000000000000000056e-01
2.037413154482858246e+01 1.056337418615117096e+00 9.869893185188843177e+00 6.733413022834719541e+00 1.000000000000000056e-01
2.042288755731024708e+01 1.081884628377098867e+00 9.869893185188843177e+00 6.593102116932420209e+00 1.000000000000000056e-01
2.033524633434780071e+01 1.073500222813014160e+00 9.869893185188843177e+00 6.532739631945554848e+00 1.000000000000000056e-01
2.034976537683825981e+01 1.092405699037677591e+00 9.869893185188843177e+00 6.471879800091359769e+00 1.000000000000000056e-01
2.034976537683825981e+01 1.092405699037677591e+00 9.869893185188843177e+00 6.471879800091359769e+00 1.000000000000000056e-01
2.034976537683825981e+01 1.092405699037677591e+00 9.869893185188843177e+00 6.471879800091359769e+00 1.000000000000000056e-01
2.034976537683825981e+01 1.092405699037677591e+00 9.869893185188843177e+00 6.471879800091359769e+00 1.000000000000000056e-01
2.034976537683825981e+01 1.092405699037677591e+00 9.869893185188843177e+00 6.471879800091359769e+00 1.000000000000000056e-01
2.034976537683825981e+01 1.092405699037677591e+00 9.869893185188843177e+00 6.471879800091359769e+00 1.000000000000000056e-01
2.023365012702178944e+01 1.092771746345105655e+00 9.869893185188843177e+00 6.315038179116355899e+00 1.000000000000000056e-01
2.023365012702178944e+01 1.092771746345105655e+00 9.869893185188843177e+00 6.315038179116355899e+00 1.000000000000000056e-01
2.023365012702178944e+01 1.092771746345105655e+00 9.869893185188843177e+00 6.315038179116355899e+00 1.000000000000000056e-01
2.023365012702178944e+01 1.092771746345105655e+00 9.869893185188843177e+00 6.315038179116355899e+00 1.000000000000000056e-01
2.023365012702178944e+01 1.092771746345105655e+00 9.869893185188843177e+00 6.315038179116355899e+00 1.000000000000000056e-01
2.026729702483974549e+01 1.134858192486758233e+00 9.869893185188843177e+00 6.142366882812520856e+00 1.000000000000000056e-01
2.026729702483974549e+01 1.134858192486758233e+00 9.869893185188843177e+00 6.142366882812520856e+00 1.000000000000000056e-01
2.026729702483974549e+01 1.134858192486758233e+00 9.869893185188843177e+00 6.142366882812520856e+00 1.000000000000000056e-01
2.026729702483974549e+01 1.134858192486758233e+00 9.869893185188843177e+00 6.142366882812520856e+00 1.000000000000000056e-01
2.026729702483974549e+01 1.134858192486758233e+00 9.869893185188843177e+00 6.142366882812520856e+00 1.000000000000000056e-01
2.026729702483974549e+01 1.134858192486758233e+00 9.869893185188843177e+00 6.142366882812520856e+00 1.000000000000000056e-01
2.026729702483974549e+01 1.134858192486758233e+00 9.869893185188843177e+00 6.142366882812520856e+00 1.000000000000000056e-01
2.026729702483974549e+01 1.134858192486758233e+00 9.869893185188843177e+00 6.142366882812520856e+00 1.000000000000000056e-01
2.026729702483974549e+01 1.134858192486758233e+00 9.869893185188843177e+00 6.142366882812520856e+00 1.000000000000000056e-01
2.022505581711088496e+01 1.101090061024894151e+00 9.869893185188843177e+00 6.116946946470751989e+00 1.000000000000000056e-01
2.022505581711088496e+01 1.101090061024894151e+00 9.869893185188843177e+00 6.116946946470751989e+00 1.000000000000000056e-01
2.034332602062265494e+01 1.091240559014136080e+00 9.869893185188843177e+00 6.122672056187517420e+00 1.000000000000000056e-01
2.034332602062265494e+01 1.091240559014136080e+00 9.869893185188843177e+00 6.122672056187517420e+00 1.000000000000000056e-01
2.034332602062265494e+01 1.091240559014136080e+00 9.869893185188843177e+00 6.122672056187517420e+00 1.000000000000000056e-01
2.034332602062265494e+01 1.091240559014136080e+00 9.869893185188843177e+00 6.122672056187517420e+00 1.000000000000000056e-01
2.034332602062265494e+01 1.091240559014136080e+00 9.869893185188843177e+00 6.122672056187517420e+00 1.000000000000000056e-01
2.034332602062265494e+01 1.091240559014136080e+00 9.869893185188843177e+00 6.122672056187517420e+00 1.000000000000000056e-01
2.034332602062265494e+01 1.091240559014136080e+00 9.869893185188843177e+00 6.122672056187517420e+00 1.000000000000000056e-01
