2.105311270658248901e+01 1.376542074960895201e+00 9.869893185188843177e+00 6.980533029209903262e+00 1.000000000000000056e-01
2.118960071602081285e+01 1.230099584487308606e+00 9.869893185188843177e+00 7.036828546190966982e+00 1.000000000000000056e-01
2.122847781544269452e+01 1.173218485415083556e+00 9.869893185188843177e+00 7.124338979862643306e+00 1.000000000000000056e-01
2.127120903732350499e+01 1.062526371854205731e+00 9.869893185188843177e+00 7.127950644369108524e+00 1.000000000000000056e-01
2.127120903732350499e+01 1.062526371854205731e+00 9.869893185188843177e+00 7.127950644369108524e+00 1.000000000000000056e-01
2.127120903732350499e+01 1.062526371854205731e+00 9.869893185188843177e+00 7.127950644369108524e+00 1.000000000000000056e-01
2.127120903732350499e+01 1.062526371854205731e+00 9.869893185188843177e+00 7.127950644369108524e+00 1.000000000000000056e-01
2.124237538765165922e+01 1.073320298814538720e+00 9.869893185188843177e+00 7.016193648916596359e+00 1.000000000000000056e-01
2.124237538765165922e+01 1.073320298814538720e+00 9.869893185188843177e+00 7.016193648916596359e+00 1.000000000000000056e-01
2.124237538765165922e+01 1.073320298814538720e+00 9.869893185188843177e+00 7.016193648916596359e+00 1.000000000000000056e-01
2.124237538765165922e+01 1.073320298814538720e+00 9.869893185188843177e+00 7.016193648916596359e+00 1.000000000000000056e-01
2.126978933078627065e+01 1.038250291124273250e+00 9.869893185188843177e+00 6.959956202393205338e+00 1.000000000000000056e-01
2.129418458958815918e+01 1.008295140432594605e+00 9.869893185188843177e+00 6.800209367264676175e+00 1.000000000000000056e-01
2.129418458958815918e+01 1.008295140432594605e+00 9.869893185188843177e+00 6.800209367264676175e+00 1.000000000000000056e-01
2.129418458958815918e+01 1.008295140432594605e+00 9.869893185188843177e+00 6.800209367264676175e+00 1.000000000000000056e-01
2.133728116503232997e+01 1.040695924583022736e+00 9.869893185188843177e+00 6.652713949493907819e+00 1.000000000000000056e-01
2.133728116503232997e+01 1.040695924583022736e+00 9.869893185188843177e+00 6.652713949493907819e+00 1.000000000000000056e-01
2.133728116503232997e+01 1.040695924583022736e+00 9.869893185188843177e+00 6.652713949493907819e+00 1.000000000000000056e-01
2.133728116503232997e+01 1.040695924583022736e+00 9.869893185188843177e+00 6.652713949493907819e+00 1.000000000000000056e-01
2.133728116503232997e+01 1.040695924583022736e+00 9.869893185188843177e+00 6.652713949493907819e+00 1.000000000000000056e-01
2.133728116503232997e+01 1.040695924583022736e+00 9.869893185188843177e+00 6.652713949493907819e+00 1.000000000000000056e-01
2.133728116503232997e+01 1.040695924583022736e+00 9.869893185188843177e+00 6.652713949493907819e+00 1.000000000000000056e-01
2.133728116503232997e+01 1.040695924583022736e+00 9.869893185188843177e+00 6.652713949493907819e+00 1.000000000000000056e-01
2.133728116503232997e+01 1.040695924583022736e+00 9.869893185188843177e+00 6.652713949493907819e+00 1.000000000000000056e-01
2.133728116503232997e+01 1.040695924583022736e+00 9.869893185188843177e+00 6.652713949493907819e+00 1.000000000000000056e-01
2.133728116503232997e+01 1.040695924583022736e+00 9.869893185188843177e+00 6.652713949493907819e+00 1.000000000000000056e-01
2.133728116503232997e+01 1.040695924583022736e+00 9.869893185188843177e+00 6.652713949493907819e+00 1.000000000000000056e-01
2.133728116503232997e+01 1.040695924583022736e+00 9.869893185188843177e+00 6.652713949493907819e+00 1.000000000000000056e-01
2.133728116503232997e+01 1.040695924583022736e+00 9.869893185188843177e+00 6.652713949493907819e+00 1.000000000000000056e-01
2.133728116503232997e+01 1.040695924583022736e+00 9.869893185188843177e+00 6.652713949493907819e+00 1.000000000000000056e-01
2.133728116503232997e+01 1.040695924583022736e+00 9.869893185188843177e+00 6.652713949493907819e+00 1.000000000000000056e-01
2.133728116503232997e+01 1.040695924583022736e+00 9.869893185188843177e+00 6.652713949493907819e+00 1.000000000000000056e-01
2.133728116503232997e+01 1.040695924583022736e+00 9.869893185188843177e+00 6.652713949493907819e+00 1.000000000000000056e-01
2.121075725792681510e+01 1.069865264453968345e+00 9.869893185188843177e+00 6.574851191600551203e+00 1.000000000000000056e-01
2.121075725792681510e+01 1.069865264453968345e+00 9.869893185188843177e+00 6.574851191600551203e+00 1.000000000000000056e-01
2.121075725792681510e+01 1.069865264453968345e+00 9.869893185188843177e+00 6.574851191600551203e+00 1.000000000000000056e-01
2.121075725792681510e+01 1.069865264453968345e+00 9.869893185188843177e+00 6.574851191600551203e+00 1.000000000000000056e-01
2.121075725792681510e+01 1.069865264453968345e+00 9.869893185188843177e+00 6.574851191600551203e+00 1.000000000000000056e-01
2.121075725792681510e+01 1.069865264453968345e+00 9.869893185188843177e+00 6.574851191600551203e+00 1.000000000000000056e-01
2.121075725792681510e+01 1.069865264453968345e+00 9.869893185188843177e+00 6.574851191600551203e+00 1.000000000000000056e-01
2.121075725792681510e+01 1.069865264453968345e+00 9.869893185188843177e+00 6.574851191600551203e+00 1.000000000000000056e-01
2.121075725792681510e+01 1.069865264453968345e+00 9.869893185188843177e+00 6.574851191600551203e+00 1.000000000000000056e-01
2.121075725792681510e+01 1.069865264453968345e+00 9.869893185188843177e+00 6.574851191600551203e+00 1.000000000000000056e-01
2.121075725792681510e+01 1.069865264453968345e+00 9.869893185188843177e+00 6.574851191600551203e+00 1.000000000000000056e-01
2.111581904335355375e+01 1.027724190027471396e+00 9.869893185188843177e+00 6.497444770136911352e+00 1.000000000000000056e-01
2.111581904335355375e+01 1.027724190027471396e+00 9.869893185188843177e+00 6.497444770136911352e+00 1.000000000000000056e-01
2.111581904335355375e+01 1.027724190027471396e+00 9.869893185188843177e+00 6.497444770136911352e+00 1.000000000000000056e-01
2.111581904335355375e+01 1.027724190027471396e+00 9.869893185188843177e+00 6.497444770136911352e+00 1.000000000000000056e-01
2.102918570401076792e+01 1.053756859160786208e+00 9.869893185188843177e+00 6.439084357285580928e+00 1.000000000000000056e-01
2.102918570401076792e+01 1.053756859160786208e+00 9.869893185188843177e+00 6.439084357285580928e+00 1.000000000000000056e-01
2.102918570401076792e+01 1.053756859160786208e+00 9.869893185188843177e+00 6.439084357285580928e+00 1.000000000000000056e-01
2.107926301815826875e+01 1.046005766258571112e+00 9.869893185188843177e+00 6.412084489685420330e+00 1.000000000000000056e-01
2.107926301815826875e+01 1.046005766258571112e+00 9.869893185188843177e+00 6.412084489685420330e+00 1.000000000000000056e-01
2.107154527107388375e+01 1.070451945465576316e+00 9.869893185188843177e+00 6.291402895997619815e+00 1.000000000000000056e-01
2.107154527107388375e+01 1.070451945465576316e+00 9.869893185188843177e+00 6.291402895997619815e+00 1.000000000000000056e-01
2.107154527107388375e+01 1.070451945465576316e+00 9.869893185188843177e+00 6.291402895997619815e+00 1.000000000000000056e-01
2.106815879634191546e+01 1.048861583278705600e+00 9.869893185188843177e+00 6.141414059310061901e+00 1.000000000000000056e-01
2.106815879634191546e+01 1.048861583278705600e+00 9.869893185188843177e+00 6.141414059310061901e+00 1.000000000000000056e-01
2.105828238042009204e+01 1.071830176677614599e+00 9.869893185188843177e+00 6.081385575973506263e+00 1.000000000000000056e-01
2.105828238042009204e+01 1.071830176677614599e+00 9.869893185188843177e+00 6.081385575973506263e+00 1.000000000000000056e-01
2.105828238042009204e+01 1.071830176677614599e+00 9.869893185188843177e+00 6.081385575973506263e+00 1.000000000000000056e-01
2.105828238042009204e+01 1.071830176677614599e+00 9.869893185188843177e+00 6.081385575973506263e+00 1.000000000000000056e-01
2.105828238042009204e+01 1.071830176677614599e+00 9.869893185188843177e+00 6.081385575973506263e+00 1.000000000000000056e-01
2.105828238042009204e+01 1.071830176677614599e+00 9.869893185188843177e+00 6.081385575973506263e+00 1.000000000000000056e-01
2.105828238042009204e+01 1.071830176677614599e+00 9.869893185188843177e+00 6.081385575973506263e+00 1.000000000000000056e-01
2.105828238042009204e+01 1.071830176677614599e+00 9.869893185188843177e+00 6.081385575973506263e+00 1.000000000000000056e-01
2.105828238042009204e+01 1.071830176677614599e+00 9.869893185188843177e+00 6.081385575973506263e+00 1.000000000000000056e-01
2.105828238042009204e+01 1.071830176677614599e+00 9.869893185188843177e+00 6.081385575973506263e+00 1.000000000000000056e-01
2.105828238042009204e+01 1.071830176677614599e+00 9.869893185188843177e+00 6.081385575973506263e+00 1.000000000000000056e-01
2.106204976291363451e+01 1.086947563930676042e+00 9.869893185188843177e+00 5.994650068573464274e+00 1.000000000000000056e-01
2.106204976291363451e+01 1.086947563930676042e+00 9.869893185188843177e+00 5.994650068573464274e+00 1.000000000000000056e-01
2.106204976291363451e+01 1.086947563930676042e+00 9.869893185188843177e+00 5.994650068573464274e+00 1.000000000000000056e-01
2.096804085940067708e+01 1.076034406536569898e+00 9.869893185188843177e+00 5.817146952586670139e+00 1.000000000000000056e-01
2.096804085940067708e+01 1.076034406536569898e+00 9.869893185188843177e+00 5.817146952586670139e+00 1.000000000000000056e-01
2.096804085940067708e+01 1.076034406536569898e+00 9.869893185188843177e+00 5.817146952586670139e+00 1.000000000000000056e-01
2.096804085940067708e+01 1.076034406536569898e+00 9.869893185188843177e+00 5.817146952586670139e+00 1.000000000000000056e-01
2.094357711403380762e+01 1.146344165357725098e+00 9.869893185188843177e+00 5.691695661441067422e+00 1.000000000000000056e-01
2.094357711403380762e+01 1.146344165357725098e+00 9.869893185188843177e+00 5.691695661441067422e+00 1.000000000000000056e-01
2.094357711403380762e+01 1.146344165357725098e+00 9.869893185188843177e+00 5.691695661441067422e+00 1.000000000000000056e-01
2.094357711403380762e+01 1.146344165357725098e+00 9.869893185188843177e+00 5.691695661441067422e+00 1.000000000000000056e-01
2.094357711403380762e+01 1.146344165357725098e+00 9.869893185188843177e+00 5.691695661441067422e+00 1.000000000000000056e-01
2.094357711403380762e+01 1.146344165357725098e+00 9.869893185188843177e+00 5.691695661441067422e+00 1.000000000000000056e-01
2.094357711403380762e+01 1.146344165357725098e+00 9.869893185188843177e+00 5.691695661441067422e+00 1.000000000000000056e-01
2.068895729000502115e+01 1.196331530370308149e+00 9.869893185188843177e+00 5.442838090586593403e+00 1.000000000000000056e-01
2.068895729000502115e+01 1.196331530370308149e+00 9.869893185188843177e+00 5.442838090586593403e+00 1.000000000000000056e-01
2.068895729000502115e+01 1.196331530370308149e+00 9.869893185188843177e+00 5.442838090586593403e+00 1.000000000000000056e-01
2.068895729000502115e+01 1.196331530370308149e+00 9.869893185188843177e+00 5.442838090586593403e+00 1.000000000000000056e-01
2.068895729000502115e+01 1.196331530370308149e+00 9.869893185188843177e+00 5.442838090586593403e+00 1.000000000000000056e-01
2.068895729000502115e+01 1.196331530370308149e+00 9.869893185188843177e+00 5.442838090586593403e+00 1.000000000000000056e-01
2.068895729000502115e+01 1.196331530370308149e+00 9.869893185188843177e+00 5.442838090586593403e+00 1.000000000000000056e-01
2.068895729000502115e+01 1.196331530370308149e+00 9.869893185188843177e+00 5.442838090586593403e+00 1.000000000000000056e-01
2.068895729000502115e+01 1.196331530370308149e+00 9.869893185188843177e+00 5.442838090586593403e+00 1.000000000000000056e-01
2.068895729000502115e+01 1.196331530370308149e+00 9.869893185188843177e+00 5.442838090586593403e+00 1.000000000000000056e-01
2.068895729000502115e+01 1.196331530370308149e+00 9.869893185188843177e+00 5.442838090586593403e+00 1.000000000000000056e-01
2.068895729000502115e+01 1.196331530370308149e+00 9.869893185188843177e+00 5.442838090586593403e+00 1.000000000000000056e-01
2.068895729000502115e+01 1.196331530370308149e+00 9.869893185188843177e+00 5.442838090586593403e+00 1.000000000000000056e-01
2.068895729000502115e+01 1.196331530370308149e+00 9.869893185188843177e+00 5.442838090586593403e+00 1.000000000000000056e-01
2.068895729000502115e+01 1.196331530370308149e+00 9.869893185188843177e+00 5.442838090586593403e+00 1.000000000000000056e-01
2.068895729000502115e+01 1.196331530370308149e+00 9.869893185188843177e+00 5.442838090586593403e+00 1.000000000000000056e-01
2.068895729000502115e+01 1.196331530370308149e+00 9.869893185188843177e+00 5.442838090586593403e+00 1.000000000000000056e-01
