2.130074828732719183e+01 1.398847144751213634e+00 9.869893185188843177e+00 6.897537515650485673e+00 1.000000000000000056e-01
2.130074828732719183e+01 1.398847144751213634e+00 9.869893185188843177e+00 6.897537515650485673e+00 1.000000000000000056e-01
2.130074828732719183e+01 1.398847144751213634e+00 9.869893185188843177e+00 6.897537515650485673e+00 1.000000000000000056e-01
2.130074828732719183e+01 1.398847144751213634e+00 9.869893185188843177e+00 6.897537515650485673e+00 1.000000000000000056e-01
2.130074828732719183e+01 1.398847144751213634e+00 9.869893185188843177e+00 6.897537515650485673e+00 1.000000000000000056e-01
2.130074828732719183e+01 1.398847144751213634e+00 9.869893185188843177e+00 6.897537515650485673e+00 1.000000000000000056e-01
2.130074828732719183e+01 1.398847144751213634e+00 9.869893185188843177e+00 6.897537515650485673e+00 1.000000000000000056e-01
2.118283371487368782e+01 1.323414065592102062e+00 9.869893185188843177e+00 7.025329083798647289e+00 1.000000000000000056e-01
2.128054975337976273e+01 1.300480234129256729e+00 9.869893185188843177e+00 7.091784942935336566e+00 1.000000000000000056e-01
2.128054975337976273e+01 1.300480234129256729e+00 9.869893185188843177e+00 7.091784942935336566e+00 1.000000000000000056e-01
2.128054975337976273e+01 1.300480234129256729e+00 9.869893185188843177e+00 7.091784942935336566e+00 1.000000000000000056e-01
2.139133136919519629e+01 1.224411998361514264e+00 9.869893185188843177e+00 6.967157134681452924e+00 1.000000000000000056e-01
2.144055733112970685e+01 1.077089373752495582e+00 9.869893185188843177e+00 6.831433622081076074e+00 1.000000000000000056e-01
2.164736914904285925e+01 1.038202942292280273e+00 9.869893185188843177e+00 6.850979098761679431e+00 1.000000000000000056e-01
2.164736914904285925e+01 1.038202942292280273e+00 9.869893185188843177e+00 6.850979098761679431e+00 1.000000000000000056e-01
2.164736914904285925e+01 1.038202942292280273e+00 9.869893185188843177e+00 6.850979098761679431e+00 1.000000000000000056e-01
2.164736914904285925e+01 1.038202942292280273e+00 9.869893185188843177e+00 6.850979098761679431e+00 1.000000000000000056e-01
2.171323067441117871e+01 1.026154888587550884e+00 9.869893185188843177e+00 6.766030329474596705e+00 1.000000000000000056e-01
2.171323067441117871e+01 1.026154888587550884e+00 9.869893185188843177e+00 6.766030329474596705e+00 1.000000000000000056e-01
2.171323067441117871e+01 1.026154888587550884e+00 9.869893185188843177e+00 6.766030329474596705e+00 1.000000000000000056e-01
2.171323067441117871e+01 1.026154888587550884e+00 9.869893185188843177e+00 6.766030329474596705e+00 1.000000000000000056e-01
2.158062721976560994e+01 1.019373581278912200e+00 9.869893185188843177e+00 6.573352739585846649e+00 1.000000000000000056e-01
2.158062721976560994e+01 1.019373581278912200e+00 9.869893185188843177e+00 6.573352739585846649e+00 1.000000000000000056e-01
2.158062721976560994e+01 1.019373581278912200e+00 9.869893185188843177e+00 6.573352739585846649e+00 1.000000000000000056e-01
2.158062721976560994e+01 1.019373581278912200e+00 9.869893185188843177e+00 6.573352739585846649e+00 1.000000000000000056e-01
2.147382803023384312e+01 1.061504191168532341e+00 9.869893185188843177e+00 6.455797951179919281e+00 1.000000000000000056e-01
2.147382803023384312e+01 1.061504191168532341e+00 9.869893185188843177e+00 6.455797951179919281e+00 1.000000000000000056e-01
2.147382803023384312e+01 1.061504191168532341e+00 9.869893185188843177e+00 6.455797951179919281e+00 1.000000000000000056e-01
2.147382803023384312e+01 1.061504191168532341e+00 9.869893185188843177e+00 6.455797951179919281e+00 1.000000000000000056e-01
2.147382803023384312e+01 1.061504191168532341e+00 9.869893185188843177e+00 6.455797951179919281e+00 1.000000000000000056e-01
2.164114625949950366e+01 1.108141176887545321e+00 9.869893185188843177e+00 6.224727781034011365e+00 1.000000000000000056e-01
2.160858184480193245e+01 1.136445954938988034e+00 9.869893185188843177e+00 6.117475702760203582e+00 1.000000000000000056e-01
2.160858184480193245e+01 1.136445954938988034e+00 9.869893185188843177e+00 6.117475702760203582e+00 1.000000000000000056e-01
2.148108451382121231e+01 1.065480150595164544e+00 9.869893185188843177e+00 6.004104694842253842e+00 1.000000000000000056e-01
2.148108451382121231e+01 1.065480150595164544e+00 9.869893185188843177e+00 6.004104694842253842e+00 1.000000000000000056e-01
2.154694174457648614e+01 1.092210570121627589e+00 9.869893185188843177e+00 5.916346170647014624e+00 1.000000000000000056e-01
2.154694174457648614e+01 1.092210570121627589e+00 9.869893185188843177e+00 5.916346170647014624e+00 1.000000000000000056e-01
2.154694174457648614e+01 1.092210570121627589e+00 9.869893185188843177e+00 5.916346170647014624e+00 1.000000000000000056e-01
2.161493769966403988e+01 1.101072693575150918e+00 9.869893185188843177e+00 5.848524011772124886e+00 1.000000000000000056e-01
2.162715306106288438e+01 1.070979873691902728e+00 9.869893185188843177e+00 5.871647266990779102e+00 1.000000000000000056e-01
2.162715306106288438e+01 1.070979873691902728e+00 9.869893185188843177e+00 5.871647266990779102e+00 1.000000000000000056e-01
2.162715306106288438e+01 1.070979873691902728e+00 9.869893185188843177e+00 5.871647266990779102e+00 1.000000000000000056e-01
2.169940298745056495e+01 1.086031919437306037e+00 9.869893185188843177e+00 5.851796609330281562e+00 1.000000000000000056e-01
2.169940298745056495e+01 1.086031919437306037e+00 9.869893185188843177e+00 5.851796609330281562e+00 1.000000000000000056e-01
2.169940298745056495e+01 1.086031919437306037e+00 9.869893185188843177e+00 5.851796609330281562e+00 1.000000000000000056e-01
2.169940298745056495e+01 1.086031919437306037e+00 9.869893185188843177e+00 5.851796609330281562e+00 1.000000000000000056e-01
2.169940298745056495e+01 1.086031919437306037e+00 9.869893185188843177e+00 5.851796609330281562e+00 1.000000000000000056e-01
2.169940298745056495e+01 1.086031919437306037e+00 9.869893185188843177e+00 5.851796609330281562e+00 1.000000000000000056e-01
2.169940298745056495e+01 1.086031919437306037e+00 9.869893185188843177e+00 5.851796609330281562e+00 1.000000000000000056e-01
2.169940298745056495e+01 1.086031919437306037e+00 9.869893185188843177e+00 5.851796609330281562e+00 1.000000000000000056e-01
2.169940298745056495e+01 1.086031919437306037e+00 9.869893185188843177e+00 5.851796609330281562e+00 1.000000000000000056e-01
2.169940298745056495e+01 1.086031919437306037e+00 9.869893185188843177e+00 5.851796609330281562e+00 1.000000000000000056e-01
2.169940298745056495e+01 1.086031919437306037e+00 9.869893185188843177e+00 5.851796609330281562e+00 1.000000000000000056e-01
2.169940298745056495e+01 1.086031919437306037e+00 9.869893185188843177e+00 5.851796609330281562e+00 1.000000000000000056e-01
2.169940298745056495e+01 1.086031919437306037e+00 9.869893185188843177e+00 5.851796609330281562e+00 1.000000000000000056e-01
2.169940298745056495e+01 1.086031919437306037e+00 9.869893185188843177e+00 5.851796609330281562e+00 1.000000000000000056e-01
2.169940298745056495e+01 1.086031919437306037e+00 9.869893185188843177e+00 5.851796609330281562e+00 1.000000000000000056e-01
2.169940298745056495e+01 1.086031919437306037e+00 9.869893185188843177e+00 5.851796609330281562e+00 1.000000000000000056e-01
2.169940298745056495e+01 1.086031919437306037e+00 9.869893185188843177e+00 5.851796609330281562e+00 1.000000000000000056e-01
2.169940298745056495e+01 1.086031919437306037e+00 9.869893185188843177e+00 5.851796609330281562e+00 1.000000000000000056e-01
2.169940298745056495e+01 1.086031919437306037e+00 9.869893185188843177e+00 5.851796609330281562e+00 1.000000000000000056e-01
2.169940298745056495e+01 1.086031919437306037e+00 9.869893185188843177e+00 5.851796609330281562e+00 1.000000000000000056e-01
2.169940298745056495e+01 1.086031919437306037e+00 9.869893185188843177e+00 5.851796609330281562e+00 1.000000000000000056e-01
2.169940298745056495e+01 1.086031919437306037e+00 9.869893185188843177e+00 5.851796609330281562e+00 1.000000000000000056e-01
2.169940298745056495e+01 1.086031919437306037e+00 9.869893185188843177e+00 5.851796609330281562e+00 1.000000000000000056e-01
2.169940298745056495e+01 1.086031919437306037e+00 9.869893185188843177e+00 5.851796609330281562e+00 1.000000000000000056e-01
2.169940298745056495e+01 1.086031919437306037e+00 9.869893185188843177e+00 5.851796609330281562e+00 1.000000000000000056e-01
2.169940298745056495e+01 1.086031919437306037e+00 9.869893185188843177e+00 5.851796609330281562e+00 1.000000000000000056e-01
2.169940298745056495e+01 1.086031919437306037e+00 9.869893185188843177e+00 5.851796609330281562e+00 1.000000000000000056e-01
2.169940298745056495e+01 1.086031919437306037e+00 9.869893185188843177e+00 5.851796609330281562e+00 1.000000000000000056e-01
2.169940298745056495e+01 1.086031919437306037e+00 9.869893185188843177e+00 5.851796609330281562e+00 1.000000000000000056e-01
2.169940298745056495e+01 1.086031919437306037e+00 9.869893185188843177e+00 5.851796609330281562e+00 1.000000000000000056e-01
2.169940298745056495e+01 1.086031919437306037e+00 9.869893185188843177e+00 5.851796609330281562e+00 1.000000000000000056e-01
2.169940298745056495e+01 1.086031919437306037e+00 9.869893185188843177e+00 5.851796609330281562e+00 1.000000000000000056e-01
2.169940298745056495e+01 1.086031919437306037e+00 9.869893185188843177e+00 5.851796609330281562e+00 1.000000000000000056e-01
2.169940298745056495e+01 1.086031919437306037e+00 9.869893185188843177e+00 5.851796609330281562e+00 1.000000000000000056e-01
2.169940298745056495e+01 1.086031919437306037e+00 9.869893185188843177e+00 5.851796609330281562e+00 1.000000000000000056e-01
2.169940298745056495e+01 1.086031919437306037e+00 9.869893185188843177e+00 5.851796609330281562e+00 1.000000000000000056e-01
2.169940298745056495e+01 1.086031919437306037e+00 9.869893185188843177e+00 5.851796609330281562e+00 1.000000000000000056e-01
2.169940298745056495e+01 1.086031919437306037e+00 9.869893185188843177e+00 5.851796609330281562e+00 1.000000000000000056e-01
2.169940298745056495e+01 1.086031919437306037e+00 9.869893185188843177e+00 5.851796609330281562e+00 1.000000000000000056e-01
2.169940298745056495e+01 1.086031919437306037e+00 9.869893185188843177e+00 5.851796609330281562e+00 1.000000000000000056e-01
2.169940298745056495e+01 1.086031919437306037e+00 9.869893185188843177e+00 5.851796609330281562e+00 1.000000000000000056e-01
2.169940298745056495e+01 1.086031919437306037e+00 9.869893185188843177e+00 5.851796609330281562e+00 1.000000000000000056e-01
2.169940298745056495e+01 1.086031919437306037e+00 9.869893185188843177e+00 5.851796609330281562e+00 1.000000000000000056e-01
2.169328827354430800e+01 1.070072568081977371e+00 9.869893185188843177e+00 5.803268480221829506e+00 1.000000000000000056e-01
2.169328827354430800e+01 1.070072568081977371e+00 9.869893185188843177e+00 5.803268480221829506e+00 1.000000000000000056e-01
2.169328827354430800e+01 1.070072568081977371e+00 9.869893185188843177e+00 5.803268480221829506e+00 1.000000000000000056e-01
2.169328827354430800e+01 1.070072568081977371e+00 9.869893185188843177e+00 5.803268480221829506e+00 1.000000000000000056e-01
2.169328827354430800e+01 1.070072568081977371e+00 9.869893185188843177e+00 5.803268480221829506e+00 1.000000000000000056e-01
2.169328827354430800e+01 1.070072568081977371e+00 9.869893185188843177e+00 5.803268480221829506e+00 1.000000000000000056e-01
2.177108704624298596e+01 1.069091071328275744e+00 9.869893185188843177e+00 5.800186205670527784e+00 1.000000000000000056e-01
2.177108704624298596e+01 1.069091071328275744e+00 9.869893185188843177e+00 5.800186205670527784e+00 1.000000000000000056e-01
2.177108704624298596e+01 1.069091071328275744e+00 9.869893185188843177e+00 5.800186205670527784e+00 1.000000000000000056e-01
2.177108704624298596e+01 1.069091071328275744e+00 9.869893185188843177e+00 5.800186205670527784e+00 1.000000000000000056e-01
2.177108704624298596e+01 1.069091071328275744e+00 9.869893185188843177e+00 5.800186205670527784e+00 1.000000000000000056e-01
2.177108704624298596e+01 1.069091071328275744e+00 9.869893185188843177e+00 5.800186205670527784e+00 1.000000000000000056e-01
2.177108704624298596e+01 1.069091071328275744e+00 9.869893185188843177e+00 5.800186205670527784e+00 1.000000000000000056e-01
2.177108704624298596e+01 1.069091071328275744e+00 9.869893185188843177e+00 5.800186205670527784e+00 1.000000000000000056e-01
2.177881687111982600e+01 1.087795021904999437e+00 9.869893185188843177e+00 5.638258606296325581e+00 1.000000000000000056e-01
