2.100460865709852243e+01 1.319510256279239790e+00 9.869893185188843177e+00 7.119875964214426034e+00 1.000000000000000056e-01
2.095721941922994702e+01 1.254391571394098737e+00 9.869893185188843177e+00 7.181504494311886866e+00 1.000000000000000056e-01
2.095721941922994702e+01 1.254391571394098737e+00 9.869893185188843177e+00 7.181504494311886866e+00 1.000000000000000056e-01
2.111205292254149768e+01 1.185597424032651892e+00 9.869893185188843177e+00 7.257530496245804486e+00 1.000000000000000056e-01
2.114424502070230361e+01 1.093640968792678025e+00 9.869893185188843177e+00 7.213015618785487248e+00 1.000000000000000056e-01
2.114424502070230361e+01 1.093640968792678025e+00 9.869893185188843177e+00 7.213015618785487248e+00 1.000000000000000056e-01
2.114424502070230361e+01 1.093640968792678025e+00 9.869893185188843177e+00 7.213015618785487248e+00 1.000000000000000056e-01
2.114424502070230361e+01 1.093640968792678025e+00 9.869893185188843177e+00 7.213015618785487248e+00 1.000000000000000056e-01
2.103355822988756074e+01 1.091907718100912694e+00 9.869893185188843177e+00 7.106183412489554208e+00 1.000000000000000056e-01
2.103355822988756074e+01 1.091907718100912694e+00 9.869893185188843177e+00 7.106183412489554208e+00 1.000000000000000056e-01
2.113263830339061045e+01 1.140185801634483909e+00 9.869893185188843177e+00 6.960424805938664861e+00 1.000000000000000056e-01
2.113263830339061045e+01 1.140185801634483909e+00 9.869893185188843177e+00 6.960424805938664861e+00 1.000000000000000056e-01
2.113263830339061045e+01 1.140185801634483909e+00 9.869893185188843177e+00 6.960424805938664861e+00 1.000000000000000056e-01
2.113263830339061045e+01 1.140185801634483909e+00 9.869893185188843177e+00 6.960424805938664861e+00 1.000000000000000056e-01
2.113263830339061045e+01 1.140185801634483909e+00 9.869893185188843177e+00 6.960424805938664861e+00 1.000000000000000056e-01
2.113263830339061045e+01 1.140185801634483909e+00 9.869893185188843177e+00 6.960424805938664861e+00 1.000000000000000056e-01
2.113263830339061045e+01 1.140185801634483909e+00 9.869893185188843177e+00 6.960424805938664861e+00 1.000000000000000056e-01
2.113263830339061045e+01 1.140185801634483909e+00 9.869893185188843177e+00 6.960424805938664861e+00 1.000000000000000056e-01
2.113263830339061045e+01 1.140185801634483909e+00 9.869893185188843177e+00 6.960424805938664861e+00 1.000000000000000056e-01
2.114603590418477097e+01 1.038039757369731086e+00 9.869893185188843177e+00 6.850477479457178553e+00 1.000000000000000056e-01
2.114603590418477097e+01 1.038039757369731086e+00 9.869893185188843177e+00 6.850477479457178553e+00 1.000000000000000056e-01
2.114603590418477097e+01 1.038039757369731086e+00 9.869893185188843177e+00 6.850477479457178553e+00 1.000000000000000056e-01
2.114603590418477097e+01 1.038039757369731086e+00 9.869893185188843177e+00 6.850477479457178553e+00 1.000000000000000056e-01
2.114603590418477097e+01 1.038039757369731086e+00 9.869893185188843177e+00 6.850477479457178553e+00 1.000000000000000056e-01
2.114603590418477097e+01 1.038039757369731086e+00 9.869893185188843177e+00 6.850477479457178553e+00 1.000000000000000056e-01
2.113488942856000108e+01 1.014423680628391500e+00 9.869893185188843177e+00 6.719025290447814491e+00 1.000000000000000056e-01
2.113488942856000108e+01 1.014423680628391500e+00 9.869893185188843177e+00 6.719025290447814491e+00 1.000000000000000056e-01
2.113488942856000108e+01 1.014423680628391500e+00 9.869893185188843177e+00 6.719025290447814491e+00 1.000000000000000056e-01
2.113488942856000108e+01 1.014423680628391500e+00 9.869893185188843177e+00 6.719025290447814491e+00 1.000000000000000056e-01
2.113488942856000108e+01 1.014423680628391500e+00 9.869893185188843177e+00 6.719025290447814491e+00 1.000000000000000056e-01
2.113488942856000108e+01 1.014423680628391500e+00 9.869893185188843177e+00 6.719025290447814491e+00 1.000000000000000056e-01
2.113488942856000108e+01 1.014423680628391500e+00 9.869893185188843177e+00 6.719025290447814491e+00 1.000000000000000056e-01
2.113488942856000108e+01 1.014423680628391500e+00 9.869893185188843177e+00 6.719025290447814491e+00 1.000000000000000056e-01
2.113488942856000108e+01 1.014423680628391500e+00 9.869893185188843177e+00 6.719025290447814491e+00 1.000000000000000056e-01
2.113488942856000108e+01 1.014423680628391500e+00 9.869893185188843177e+00 6.719025290447814491e+00 1.000000000000000056e-01
2.113488942856000108e+01 1.014423680628391500e+00 9.869893185188843177e+00 6.719025290447814491e+00 1.000000000000000056e-01
2.113488942856000108e+01 1.014423680628391500e+00 9.869893185188843177e+00 6.719025290447814491e+00 1.000000000000000056e-01
2.118598538008886578e+01 1.101772998544619631e+00 9.869893185188843177e+00 6.599622233694621087e+00 1.000000000000000056e-01
2.118598538008886578e+01 1.101772998544619631e+00 9.869893185188843177e+00 6.599622233694621087e+00 1.000000000000000056e-01
2.117610036862756573e+01 1.106141388992268659e+00 9.869893185188843177e+00 6.563577066426860007e+00 1.000000000000000056e-01
2.117610036862756573e+01 1.106141388992268659e+00 9.869893185188843177e+00 6.563577066426860007e+00 1.000000000000000056e-01
2.117610036862756573e+01 1.106141388992268659e+00 9.869893185188843177e+00 6.563577066426860007e+00 1.000000000000000056e-01
2.117610036862756573e+01 1.106141388992268659e+00 9.869893185188843177e+00 6.563577066426860007e+00 1.000000000000000056e-01
2.117610036862756573e+01 1.106141388992268659e+00 9.869893185188843177e+00 6.563577066426860007e+00 1.000000000000000056e-01
2.108571560359988339e+01 1.070730795964172755e+00 9.869893185188843177e+00 6.536627571893325772e+00 1.000000000000000056e-01
2.108571560359988339e+01 1.070730795964172755e+00 9.869893185188843177e+00 6.536627571893325772e+00 1.000000000000000056e-01
2.108571560359988339e+01 1.070730795964172755e+00 9.869893185188843177e+00 6.536627571893325772e+00 1.000000000000000056e-01
2.108571560359988339e+01 1.070730795964172755e+00 9.869893185188843177e+00 6.536627571893325772e+00 1.000000000000000056e-01
2.108571560359988339e+01 1.070730795964172755e+00 9.869893185188843177e+00 6.536627571893325772e+00 1.000000000000000056e-01
2.108571560359988339e+01 1.070730795964172755e+00 9.869893185188843177e+00 6.536627571893325772e+00 1.000000000000000056e-01
2.108571560359988339e+01 1.070730795964172755e+00 9.869893185188843177e+00 6.536627571893325772e+00 1.000000000000000056e-01
2.108571560359988339e+01 1.070730795964172755e+00 9.869893185188843177e+00 6.536627571893325772e+00 1.000000000000000056e-01
2.108571560359988339e+01 1.070730795964172755e+00 9.869893185188843177e+00 6.536627571893325772e+00 1.000000000000000056e-01
2.108571560359988339e+01 1.070730795964172755e+00 9.869893185188843177e+00 6.536627571893325772e+00 1.000000000000000056e-01
2.108571560359988339e+01 1.070730795964172755e+00 9.869893185188843177e+00 6.536627571893325772e+00 1.000000000000000056e-01
2.112403230099442553e+01 1.031072068251844609e+00 9.869893185188843177e+00 6.494514868328238322e+00 1.000000000000000056e-01
2.127385308597445146e+01 1.107756118285933900e+00 9.869893185188843177e+00 6.263198453914158748e+00 1.000000000000000056e-01
2.127385308597445146e+01 1.107756118285933900e+00 9.869893185188843177e+00 6.263198453914158748e+00 1.000000000000000056e-01
2.127385308597445146e+01 1.107756118285933900e+00 9.869893185188843177e+00 6.263198453914158748e+00 1.000000000000000056e-01
2.127385308597445146e+01 1.107756118285933900e+00 9.869893185188843177e+00 6.263198453914158748e+00 1.000000000000000056e-01
2.137206644249662091e+01 1.042507285380923188e+00 9.869893185188843177e+00 6.157603357622648765e+00 1.000000000000000056e-01
2.137206644249662091e+01 1.042507285380923188e+00 9.869893185188843177e+00 6.157603357622648765e+00 1.000000000000000056e-01
2.137206644249662091e+01 1.042507285380923188e+00 9.869893185188843177e+00 6.157603357622648765e+00 1.000000000000000056e-01
2.137206644249662091e+01 1.042507285380923188e+00 9.869893185188843177e+00 6.157603357622648765e+00 1.000000000000000056e-01
2.137206644249662091e+01 1.042507285380923188e+00 9.869893185188843177e+00 6.157603357622648765e+00 1.000000000000000056e-01
2.137206644249662091e+01 1.042507285380923188e+00 9.869893185188843177e+00 6.157603357622648765e+00 1.000000000000000056e-01
2.128596701532376301e+01 1.071198000887646717e+00 9.869893185188843177e+00 6.073692229957866395e+00 1.000000000000000056e-01
2.128596701532376301e+01 1.071198000887646717e+00 9.869893185188843177e+00 6.073692229957866395e+00 1.000000000000000056e-01
2.128596701532376301e+01 1.071198000887646717e+00 9.869893185188843177e+00 6.073692229957866395e+00 1.000000000000000056e-01
2.118325643468306652e+01 1.055813071434056560e+00 9.869893185188843177e+00 6.021763461270369433e+00 1.000000000000000056e-01
2.118325643468306652e+01 1.055813071434056560e+00 9.869893185188843177e+00 6.021763461270369433e+00 1.000000000000000056e-01
2.118325643468306652e+01 1.055813071434056560e+00 9.869893185188843177e+00 6.021763461270369433e+00 1.000000000000000056e-01
2.118325643468306652e+01 1.055813071434056560e+00 9.869893185188843177e+00 6.021763461270369433e+00 1.000000000000000056e-01
2.118325643468306652e+01 1.055813071434056560e+00 9.869893185188843177e+00 6.021763461270369433e+00 1.000000000000000056e-01
2.118325643468306652e+01 1.055813071434056560e+00 9.869893185188843177e+00 6.021763461270369433e+00 1.000000000000000056e-01
2.118325643468306652e+01 1.055813071434056560e+00 9.869893185188843177e+00 6.021763461270369433e+00 1.000000000000000056e-01
2.118325643468306652e+01 1.055813071434056560e+00 9.869893185188843177e+00 6.021763461270369433e+00 1.000000000000000056e-01
2.118325643468306652e+01 1.055813071434056560e+00 9.869893185188843177e+00 6.021763461270369433e+00 1.000000000000000056e-01
2.118325643468306652e+01 1.055813071434056560e+00 9.869893185188843177e+00 6.021763461270369433e+00 1.000000000000000056e-01
2.118325643468306652e+01 1.055813071434056560e+00 9.869893185188843177e+00 6.021763461270369433e+00 1.000000000000000056e-01
2.130409564324138216e+01 1.103309026488139333e+00 9.869893185188843177e+00 5.958216123974907852e+00 1.000000000000000056e-01
2.130409564324138216e+01 1.103309026488139333e+00 9.869893185188843177e+00 5.958216123974907852e+00 1.000000000000000056e-01
2.130409564324138216e+01 1.103309026488139333e+00 9.869893185188843177e+00 5.958216123974907852e+00 1.000000000000000056e-01
2.130409564324138216e+01 1.103309026488139333e+00 9.869893185188843177e+00 5.958216123974907852e+00 1.000000000000000056e-01
2.130409564324138216e+01 1.103309026488139333e+00 9.869893185188843177e+00 5.958216123974907852e+00 1.000000000000000056e-01
2.130409564324138216e+01 1.103309026488139333e+00 9.869893185188843177e+00 5.958216123974907852e+00 1.000000000000000056e-01
2.130409564324138216e+01 1.103309026488139333e+00 9.869893185188843177e+00 5.958216123974907852e+00 1.000000000000000056e-01
2.130409564324138216e+01 1.103309026488139333e+00 9.869893185188843177e+00 5.958216123974907852e+00 1.000000000000000056e-01
2.155520830943198618e+01 1.101428175188491121e+00 9.869893185188843177e+00 5.871356163312407617e+00 1.000000000000000056e-01
2.155520830943198618e+01 1.101428175188491121e+00 9.869893185188843177e+00 5.871356163312407617e+00 1.000000000000000056e-01
2.155520830943198618e+01 1.101428175188491121e+00 9.869893185188843177e+00 5.871356163312407617e+00 1.000000000000000056e-01
2.155520830943198618e+01 1.101428175188491121e+00 9.869893185188843177e+00 5.871356163312407617e+00 1.000000000000000056e-01
2.167255592877523540e+01 1.133975864031452119e+00 9.869893185188843177e+00 5.630694065130127157e+00 1.000000000000000056e-01
2.151801714279629252e+01 1.126663423085513482e+00 9.869893185188843177e+00 5.436109387183825525e+00 1.000000000000000056e-01
2.154870336797407049e+01 1.125766538254314497e+00 9.869893185188843177e+00 5.378482375180025699e+00 1.000000000000000056e-01
2.154870336797407049e+01 1.125766538254314497e+00 9.869893185188843177e+00 5.378482375180025699e+00 1.000000000000000056e-01
2.154870336797407049e+01 1.125766538254314497e+00 9.869893185188843177e+00 5.378482375180025699e+00 1.000000000000000056e-01
2.154870336797407049e+01 1.125766538254314497e+00 9.869893185188843177e+00 5.378482375180025699e+00 1.000000000000000056e-01
2.154870336797407049e+01 1.125766538254314497e+00 9.869893185188843177e+00 5.378482375180025699e+00 1.000000000000000056e-01
2.154870336797407049e+01 1.125766538254314497e+00 9.869893185188843177e+00 5.378482375180025699e+00 1.000000000000000056e-01
