2.103914580476243046e+01 1.399999999999999911e+00 9.869893185188843177e+00 7.000000000000000000e+00 1.000000000000000056e-01
2.102469202152076022e+01 1.311253444458542416e+00 9.869893185188843177e+00 6.730815278998072415e+00 1.000000000000000056e-01
2.102469202152076022e+01 1.311253444458542416e+00 9.869893185188843177e+00 6.730815278998072415e+00 1.000000000000000056e-01
2.096519370858723974e+01 1.322969254361801017e+00 9.869893185188843177e+00 6.615753651705062133e+00 1.000000000000000056e-01
2.090745879831852605e+01 1.308587283192514938e+00 9.869893185188843177e+00 6.539014413974419071e+00 1.000000000000000056e-01
2.105964325461199138e+01 1.250481102189823668e+00 9.869893185188843177e+00 6.551494465195151662e+00 1.000000000000000056e-01
2.105964325461199138e+01 1.250481102189823668e+00 9.869893185188843177e+00 6.551494465195151662e+00 1.000000000000000056e-01
2.105964325461199138e+01 1.250481102189823668e+00 9.869893185188843177e+00 6.551494465195151662e+00 1.000000000000000056e-01
2.105964325461199138e+01 1.250481102189823668e+00 9.869893185188843177e+00 6.551494465195151662e+00 1.000000000000000056e-01
2.115999472764226041e+01 1.158140873153850503e+00 9.869893185188843177e+00 6.369460936118052530e+00 1.000000000000000056e-01
2.115999472764226041e+01 1.158140873153850503e+00 9.869893185188843177e+00 6.369460936118052530e+00 1.000000000000000056e-01
2.113013238336171185e+01 1.069361733449441410e+00 9.869893185188843177e+00 6.339318274983592794e+00 1.000000000000000056e-01
2.113013238336171185e+01 1.069361733449441410e+00 9.869893185188843177e+00 6.339318274983592794e+00 1.000000000000000056e-01
2.093917236491828504e+01 1.044169220622433558e+00 9.869893185188843177e+00 6.263222296471149697e+00 1.000000000000000056e-01
2.093917236491828504e+01 1.044169220622433558e+00 9.869893185188843177e+00 6.263222296471149697e+00 1.000000000000000056e-01
2.093917236491828504e+01 1.044169220622433558e+00 9.869893185188843177e+00 6.263222296471149697e+00 1.000000000000000056e-01
2.093917236491828504e+01 1.044169220622433558e+00 9.869893185188843177e+00 6.263222296471149697e+00 1.000000000000000056e-01
2.093917236491828504e+01 1.044169220622433558e+00 9.869893185188843177e+00 6.263222296471149697e+00 1.000000000000000056e-01
2.093917236491828504e+01 1.044169220622433558e+00 9.869893185188843177e+00 6.263222296471149697e+00 1.000000000000000056e-01
2.093917236491828504e+01 1.044169220622433558e+00 9.869893185188843177e+00 6.263222296471149697e+00 1.000000000000000056e-01
2.093917236491828504e+01 1.044169220622433558e+00 9.869893185188843177e+00 6.263222296471149697e+00 1.000000000000000056e-01
2.093917236491828504e+01 1.044169220622433558e+00 9.869893185188843177e+00 6.263222296471149697e+00 1.000000000000000056e-01
2.093917236491828504e+01 1.044169220622433558e+00 9.869893185188843177e+00 6.263222296471149697e+00 1.000000000000000056e-01
2.093917236491828504e+01 1.044169220622433558e+00 9.869893185188843177e+00 6.263222296471149697e+00 1.000000000000000056e-01
2.093917236491828504e+01 1.044169220622433558e+00 9.869893185188843177e+00 6.263222296471149697e+00 1.000000000000000056e-01
2.093917236491828504e+01 1.044169220622433558e+00 9.869893185188843177e+00 6.263222296471149697e+00 1.000000000000000056e-01
2.093917236491828504e+01 1.044169220622433558e+00 9.869893185188843177e+00 6.263222296471149697e+00 1.000000000000000056e-01
2.093917236491828504e+01 1.044169220622433558e+00 9.869893185188843177e+00 6.263222296471149697e+00 1.000000000000000056e-01
2.092926794187086514e+01 1.079150223938022624e+00 9.869893185188843177e+00 6.134392573463953724e+00 1.000000000000000056e-01
2.092926794187086514e+01 1.079150223938022624e+00 9.869893185188843177e+00 6.134392573463953724e+00 1.000000000000000056e-01
2.092926794187086514e+01 1.079150223938022624e+00 9.869893185188843177e+00 6.134392573463953724e+00 1.000000000000000056e-01
2.092926794187086514e+01 1.079150223938022624e+00 9.869893185188843177e+00 6.134392573463953724e+00 1.000000000000000056e-01
2.092926794187086514e+01 1.079150223938022624e+00 9.869893185188843177e+00 6.134392573463953724e+00 1.000000000000000056e-01
2.092926794187086514e+01 1.079150223938022624e+00 9.869893185188843177e+00 6.134392573463953724e+00 1.000000000000000056e-01
2.092926794187086514e+01 1.079150223938022624e+00 9.869893185188843177e+00 6.134392573463953724e+00 1.000000000000000056e-01
2.092926794187086514e+01 1.079150223938022624e+00 9.869893185188843177e+00 6.134392573463953724e+00 1.000000000000000056e-01
2.092926794187086514e+01 1.079150223938022624e+00 9.869893185188843177e+00 6.134392573463953724e+00 1.000000000000000056e-01
2.092926794187086514e+01 1.079150223938022624e+00 9.869893185188843177e+00 6.134392573463953724e+00 1.000000000000000056e-01
2.111695510017394639e+01 1.051897194878667952e+00 9.869893185188843177e+00 6.074938040559461072e+00 1.000000000000000056e-01
2.111695510017394639e+01 1.051897194878667952e+00 9.869893185188843177e+00 6.074938040559461072e+00 1.000000000000000056e-01
2.111695510017394639e+01 1.051897194878667952e+00 9.869893185188843177e+00 6.074938040559461072e+00 1.000000000000000056e-01
2.111695510017394639e+01 1.051897194878667952e+00 9.869893185188843177e+00 6.074938040559461072e+00 1.000000000000000056e-01
2.111695510017394639e+01 1.051897194878667952e+00 9.869893185188843177e+00 6.074938040559461072e+00 1.000000000000000056e-01
2.111695510017394639e+01 1.051897194878667952e+00 9.869893185188843177e+00 6.074938040559461072e+00 1.000000000000000056e-01
2.111695510017394639e+01 1.051897194878667952e+00 9.869893185188843177e+00 6.074938040559461072e+00 1.000000000000000056e-01
2.124829643415684188e+01 1.052697767750449431e+00 9.869893185188843177e+00 6.063662511289177992e+00 1.000000000000000056e-01
2.124829643415684188e+01 1.052697767750449431e+00 9.869893185188843177e+00 6.063662511289177992e+00 1.000000000000000056e-01
2.124829643415684188e+01 1.052697767750449431e+00 9.869893185188843177e+00 6.063662511289177992e+00 1.000000000000000056e-01
2.124829643415684188e+01 1.052697767750449431e+00 9.869893185188843177e+00 6.063662511289177992e+00 1.000000000000000056e-01
2.124829643415684188e+01 1.052697767750449431e+00 9.869893185188843177e+00 6.063662511289177992e+00 1.000000000000000056e-01
2.133141793635031291e+01 1.064775527501227614e+00 9.869893185188843177e+00 6.055929536584021555e+00 1.000000000000000056e-01
2.133141793635031291e+01 1.064775527501227614e+00 9.869893185188843177e+00 6.055929536584021555e+00 1.000000000000000056e-01
2.133141793635031291e+01 1.064775527501227614e+00 9.869893185188843177e+00 6.055929536584021555e+00 1.000000000000000056e-01
2.133141793635031291e+01 1.064775527501227614e+00 9.869893185188843177e+00 6.055929536584021555e+00 1.000000000000000056e-01
2.126269679918679145e+01 1.055676004004389323e+00 9.869893185188843177e+00 5.994783812282271640e+00 1.000000000000000056e-01
2.126269679918679145e+01 1.055676004004389323e+00 9.869893185188843177e+00 5.994783812282271640e+00 1.000000000000000056e-01
2.126269679918679145e+01 1.055676004004389323e+00 9.869893185188843177e+00 5.994783812282271640e+00 1.000000000000000056e-01
2.126269679918679145e+01 1.055676004004389323e+00 9.869893185188843177e+00 5.994783812282271640e+00 1.000000000000000056e-01
2.126269679918679145e+01 1.055676004004389323e+00 9.869893185188843177e+00 5.994783812282271640e+00 1.000000000000000056e-01
2.126269679918679145e+01 1.055676004004389323e+00 9.869893185188843177e+00 5.994783812282271640e+00 1.000000000000000056e-01
2.126269679918679145e+01 1.055676004004389323e+00 9.869893185188843177e+00 5.994783812282271640e+00 1.000000000000000056e-01
2.126269679918679145e+01 1.055676004004389323e+00 9.869893185188843177e+00 5.994783812282271640e+00 1.000000000000000056e-01
2.126269679918679145e+01 1.055676004004389323e+00 9.869893185188843177e+00 5.994783812282271640e+00 1.000000000000000056e-01
2.126269679918679145e+01 1.055676004004389323e+00 9.869893185188843177e+00 5.994783812282271640e+00 1.000000000000000056e-01
2.126269679918679145e+01 1.055676004004389323e+00 9.869893185188843177e+00 5.994783812282271640e+00 1.000000000000000056e-01
2.126269679918679145e+01 1.055676004004389323e+00 9.869893185188843177e+00 5.994783812282271640e+00 1.000000000000000056e-01
2.126269679918679145e+01 1.055676004004389323e+00 9.869893185188843177e+00 5.994783812282271640e+00 1.000000000000000056e-01
2.132629885510202428e+01 1.115587197574106737e+00 9.869893185188843177e+00 5.924746744289220324e+00 1.000000000000000056e-01
2.132629885510202428e+01 1.115587197574106737e+00 9.869893185188843177e+00 5.924746744289220324e+00 1.000000000000000056e-01
2.132629885510202428e+01 1.115587197574106737e+00 9.869893185188843177e+00 5.924746744289220324e+00 1.000000000000000056e-01
2.132629885510202428e+01 1.115587197574106737e+00 9.869893185188843177e+00 5.924746744289220324e+00 1.000000000000000056e-01
2.132629885510202428e+01 1.115587197574106737e+00 9.869893185188843177e+00 5.924746744289220324e+00 1.000000000000000056e-01
2.132629885510202428e+01 1.115587197574106737e+00 9.869893185188843177e+00 5.924746744289220324e+00 1.000000000000000056e-01
2.128325644499999214e+01 1.122970844807626545e+00 9.869893185188843177e+00 5.835768860132298563e+00 1.000000000000000056e-01
2.124620880492324559e+01 1.087217152036678236e+00 9.869893185188843177e+00 5.640764910468318405e+00 1.000000000000000056e-01
2.124620880492324559e+01 1.087217152036678236e+00 9.869893185188843177e+00 5.640764910468318405e+00 1.000000000000000056e-01
2.124620880492324559e+01 1.087217152036678236e+00 9.869893185188843177e+00 5.640764910468318405e+00 1.000000000000000056e-01
2.124620880492324559e+01 1.087217152036678236e+00 9.869893185188843177e+00 5.640764910468318405e+00 1.000000000000000056e-01
2.124620880492324559e+01 1.087217152036678236e+00 9.869893185188843177e+00 5.640764910468318405e+00 1.000000000000000056e-01
2.124620880492324559e+01 1.087217152036678236e+00 9.869893185188843177e+00 5.640764910468318405e+00 1.000000000000000056e-01
2.124620880492324559e+01 1.087217152036678236e+00 9.869893185188843177e+00 5.640764910468318405e+00 1.000000000000000056e-01
2.124620880492324559e+01 1.087217152036678236e+00 9.869893185188843177e+00 5.640764910468318405e+00 1.000000000000000056e-01
2.124620880492324559e+01 1.087217152036678236e+00 9.869893185188843177e+00 5.640764910468318405e+00 1.000000000000000056e-01
2.124620880492324559e+01 1.087217152036678236e+00 9.869893185188843177e+00 5.640764910468318405e+00 1.000000000000000056e-01
2.124620880492324559e+01 1.087217152036678236e+00 9.869893185188843177e+00 5.640764910468318405e+00 1.000000000000000056e-01
2.124620880492324559e+01 1.087217152036678236e+00 9.869893185188843177e+00 5.640764910468318405e+00 1.000000000000000056e-01
2.124620880492324559e+01 1.087217152036678236e+00 9.869893185188843177e+00 5.640764910468318405e+00 1.000000000000000056e-01
2.124620880492324559e+01 1.087217152036678236e+00 9.869893185188843177e+00 5.640764910468318405e+00 1.000000000000000056e-01
2.120765086137053856e+01 1.105279167253135464e+00 9.869893185188843177e+00 5.578056096683154941e+00 1.000000000000000056e-01
2.120765086137053856e+01 1.105279167253135464e+00 9.869893185188843177e+00 5.578056096683154941e+00 1.000000000000000056e-01
2.115423418447454296e+01 1.100995031172310012e+00 9.869893185188843177e+00 5.567774635693995222e+00 1.000000000000000056e-01
2.115423418447454296e+01 1.100995031172310012e+00 9.869893185188843177e+00 5.567774635693995222e+00 1.000000000000000056e-01
2.115423418447454296e+01 1.100995031172310012e+00 9.869893185188843177e+00 5.567774635693995222e+00 1.000000000000000056e-01
2.115423418447454296e+01 1.100995031172310012e+00 9.869893185188843177e+00 5.567774635693995222e+00 1.000000000000000056e-01
2.115423418447454296e+01 1.100995031172310012e+00 9.869893185188843177e+00 5.567774635693995222e+00 1.000000000000000056e-01
2.113105401879048273e+01 1.119353651060163379e+00 9.869893185188843177e+00 5.530181217474515520e+00 1.000000000000000056e-01
2.113105401879048273e+01 1.119353651060163379e+00 9.869893185188843177e+00 5.530181217474515520e+00 1.000000000000000056e-01
2.113105401879048273e+01 1.119353651060163379e+00 9.869893185188843177e+00 5.530181217474515520e+00 1.000000000000000056e-01
2.121934018988168447e+01 1.106977606249069490e+00 9.869893185188843177e+00 5.541485108033852747e+00 1.000000000000000056e-01
2.121934018988168447e+01 1.106977606249069490e+00 9.869893185188843177e+00 5.541485108033852747e+00 1.000000000000000056e-01
