2.103914580476243046e+01 1.399999999999999911e+00 9.869893185188843177e+00 7.000000000000000000e+00 1.000000000000000056e-01
2.103914580476243046e+01 1.399999999999999911e+00 9.869893185188843177e+00 7.000000000000000000e+00 1.000000000000000056e-01
2.103914580476243046e+01 1.399999999999999911e+00 9.869893185188843177e+00 7.000000000000000000e+00 1.000000000000000056e-01
2.103914580476243046e+01 1.399999999999999911e+00 9.869893185188843177e+00 7.000000000000000000e+00 1.000000000000000056e-01
2.098243186430034513e+01 1.226856210392777591e+00 9.869893185188843177e+00 6.888856847356898072e+00 1.000000000000000056e-01
2.098243186430034513e+01 1.226856210392777591e+00 9.869893185188843177e+00 6.888856847356898072e+00 1.000000000000000056e-01
2.098243186430034513e+01 1.226856210392777591e+00 9.869893185188843177e+00 6.888856847356898072e+00 1.000000000000000056e-01
2.088298902278201297e+01 1.168863552481898882e+00 9.869893185188843177e+00 7.066455200567005157e+00 1.000000000000000056e-01
2.070171267320532849e+01 1.161112193247218372e+00 9.869893185188843177e+00 7.086908698121488825e+00 1.000000000000000056e-01
2.068918503815713805e+01 1.058898488206964972e+00 9.869893185188843177e+00 7.229334653244383624e+00 1.000000000000000056e-01
2.063248130341293063e+01 1.029432061235261653e+00 9.869893185188843177e+00 7.084383041150816851e+00 1.000000000000000056e-01
2.063248130341293063e+01 1.029432061235261653e+00 9.869893185188843177e+00 7.084383041150816851e+00 1.000000000000000056e-01
2.073643946987541042e+01 1.091477136383266711e+00 9.869893185188843177e+00 7.039248341846676027e+00 1.000000000000000056e-01
2.073643946987541042e+01 1.091477136383266711e+00 9.869893185188843177e+00 7.039248341846676027e+00 1.000000000000000056e-01
2.073643946987541042e+01 1.091477136383266711e+00 9.869893185188843177e+00 7.039248341846676027e+00 1.000000000000000056e-01
2.073643946987541042e+01 1.091477136383266711e+00 9.869893185188843177e+00 7.039248341846676027e+00 1.000000000000000056e-01
2.076091089195671202e+01 1.073884751229334578e+00 9.869893185188843177e+00 6.760173477338200065e+00 1.000000000000000056e-01
2.076091089195671202e+01 1.073884751229334578e+00 9.869893185188843177e+00 6.760173477338200065e+00 1.000000000000000056e-01
2.076091089195671202e+01 1.073884751229334578e+00 9.869893185188843177e+00 6.760173477338200065e+00 1.000000000000000056e-01
2.076091089195671202e+01 1.073884751229334578e+00 9.869893185188843177e+00 6.760173477338200065e+00 1.000000000000000056e-01
2.069152469568179953e+01 1.085377763943123464e+00 9.869893185188843177e+00 6.729531505146925774e+00 1.000000000000000056e-01
2.069152469568179953e+01 1.085377763943123464e+00 9.869893185188843177e+00 6.729531505146925774e+00 1.000000000000000056e-01
2.069152469568179953e+01 1.085377763943123464e+00 9.869893185188843177e+00 6.729531505146925774e+00 1.000000000000000056e-01
2.069152469568179953e+01 1.085377763943123464e+00 9.869893185188843177e+00 6.729531505146925774e+00 1.000000000000000056e-01
2.069152469568179953e+01 1.085377763943123464e+00 9.869893185188843177e+00 6.729531505146925774e+00 1.000000000000000056e-01
2.069152469568179953e+01 1.085377763943123464e+00 9.869893185188843177e+00 6.729531505146925774e+00 1.000000000000000056e-01
2.069152469568179953e+01 1.085377763943123464e+00 9.869893185188843177e+00 6.729531505146925774e+00 1.000000000000000056e-01
2.078909098826277457e+01 1.023136073498005505e+00 9.869893185188843177e+00 6.662705843990789134e+00 1.000000000000000056e-01
2.065623575907689258e+01 1.122657833420032780e+00 9.869893185188843177e+00 6.638261739030648201e+00 1.000000000000000056e-01
2.058543770177873711e+01 1.116973555951576547e+00 9.869893185188843177e+00 6.552152604848644479e+00 1.000000000000000056e-01
2.045280477672801211e+01 1.083913764588194217e+00 9.869893185188843177e+00 6.459046068517987571e+00 1.000000000000000056e-01
2.045280477672801211e+01 1.083913764588194217e+00 9.869893185188843177e+00 6.459046068517987571e+00 1.000000000000000056e-01
2.045280477672801211e+01 1.083913764588194217e+00 9.869893185188843177e+00 6.459046068517987571e+00 1.000000000000000056e-01
2.043779033566875825e+01 1.079348389199002778e+00 9.869893185188843177e+00 6.360446853327352379e+00 1.000000000000000056e-01
2.043779033566875825e+01 1.079348389199002778e+00 9.869893185188843177e+00 6.360446853327352379e+00 1.000000000000000056e-01
2.043779033566875825e+01 1.079348389199002778e+00 9.869893185188843177e+00 6.360446853327352379e+00 1.000000000000000056e-01
2.043779033566875825e+01 1.079348389199002778e+00 9.869893185188843177e+00 6.360446853327352379e+00 1.000000000000000056e-01
2.043779033566875825e+01 1.079348389199002778e+00 9.869893185188843177e+00 6.360446853327352379e+00 1.000000000000000056e-01
2.043779033566875825e+01 1.079348389199002778e+00 9.869893185188843177e+00 6.360446853327352379e+00 1.000000000000000056e-01
2.038514693269353018e+01 1.056639911088964379e+00 9.869893185188843177e+00 6.200021697540507581e+00 1.000000000000000056e-01
2.038514693269353018e+01 1.056639911088964379e+00 9.869893185188843177e+00 6.200021697540507581e+00 1.000000000000000056e-01
2.034915426399313532e+01 1.126113946142262012e+00 9.869893185188843177e+00 6.153839533310620169e+00 1.000000000000000056e-01
2.034915426399313532e+01 1.126113946142262012e+00 9.869893185188843177e+00 6.153839533310620169e+00 1.000000000000000056e-01
2.021555758294650929e+01 1.117625361852492283e+00 9.869893185188843177e+00 6.165422770927868612e+00 1.000000000000000056e-01
2.021555758294650929e+01 1.117625361852492283e+00 9.869893185188843177e+00 6.165422770927868612e+00 1.000000000000000056e-01
2.026290136100007544e+01 1.078890126938354399e+00 9.869893185188843177e+00 6.044469587834264246e+00 1.000000000000000056e-01
2.026290136100007544e+01 1.078890126938354399e+00 9.869893185188843177e+00 6.044469587834264246e+00 1.000000000000000056e-01
2.026290136100007544e+01 1.078890126938354399e+00 9.869893185188843177e+00 6.044469587834264246e+00 1.000000000000000056e-01
2.026290136100007544e+01 1.078890126938354399e+00 9.869893185188843177e+00 6.044469587834264246e+00 1.000000000000000056e-01
2.026290136100007544e+01 1.078890126938354399e+00 9.869893185188843177e+00 6.044469587834264246e+00 1.000000000000000056e-01
2.026290136100007544e+01 1.078890126938354399e+00 9.869893185188843177e+00 6.044469587834264246e+00 1.000000000000000056e-01
2.026290136100007544e+01 1.078890126938354399e+00 9.869893185188843177e+00 6.044469587834264246e+00 1.000000000000000056e-01
2.026290136100007544e+01 1.078890126938354399e+00 9.869893185188843177e+00 6.044469587834264246e+00 1.000000000000000056e-01
2.026290136100007544e+01 1.078890126938354399e+00 9.869893185188843177e+00 6.044469587834264246e+00 1.000000000000000056e-01
2.026290136100007544e+01 1.078890126938354399e+00 9.869893185188843177e+00 6.044469587834264246e+00 1.000000000000000056e-01
2.026290136100007544e+01 1.078890126938354399e+00 9.869893185188843177e+00 6.044469587834264246e+00 1.000000000000000056e-01
2.026290136100007544e+01 1.078890126938354399e+00 9.869893185188843177e+00 6.044469587834264246e+00 1.000000000000000056e-01
2.026290136100007544e+01 1.078890126938354399e+00 9.869893185188843177e+00 6.044469587834264246e+00 1.000000000000000056e-01
2.026290136100007544e+01 1.078890126938354399e+00 9.869893185188843177e+00 6.044469587834264246e+00 1.000000000000000056e-01
2.026290136100007544e+01 1.078890126938354399e+00 9.869893185188843177e+00 6.044469587834264246e+00 1.000000000000000056e-01
2.026290136100007544e+01 1.078890126938354399e+00 9.869893185188843177e+00 6.044469587834264246e+00 1.000000000000000056e-01
2.026290136100007544e+01 1.078890126938354399e+00 9.869893185188843177e+00 6.044469587834264246e+00 1.000000000000000056e-01
2.026290136100007544e+01 1.078890126938354399e+00 9.869893185188843177e+00 6.044469587834264246e+00 1.000000000000000056e-01
2.026290136100007544e+01 1.078890126938354399e+00 9.869893185188843177e+00 6.044469587834264246e+00 1.000000000000000056e-01
2.026290136100007544e+01 1.078890126938354399e+00 9.869893185188843177e+00 6.044469587834264246e+00 1.000000000000000056e-01
2.026290136100007544e+01 1.078890126938354399e+00 9.869893185188843177e+00 6.044469587834264246e+00 1.000000000000000056e-01
2.026290136100007544e+01 1.078890126938354399e+00 9.869893185188843177e+00 6.044469587834264246e+00 1.000000000000000056e-01
2.026290136100007544e+01 1.078890126938354399e+00 9.869893185188843177e+00 6.044469587834264246e+00 1.000000000000000056e-01
2.026290136100007544e+01 1.078890126938354399e+00 9.869893185188843177e+00 6.044469587834264246e+00 1.000000000000000056e-01
2.026290136100007544e+01 1.078890126938354399e+00 9.869893185188843177e+00 6.044469587834264246e+00 1.000000000000000056e-01
2.026290136100007544e+01 1.078890126938354399e+00 9.869893185188843177e+00 6.044469587834264246e+00 1.000000000000000056e-01
2.026290136100007544e+01 1.078890126938354399e+00 9.869893185188843177e+00 6.044469587834264246e+00 1.000000000000000056e-01
2.026290136100007544e+01 1.078890126938354399e+00 9.869893185188843177e+00 6.044469587834264246e+00 1.000000000000000056e-01
2.026290136100007544e+01 1.078890126938354399e+00 9.869893185188843177e+00 6.044469587834264246e+00 1.000000000000000056e-01
2.026290136100007544e+01 1.078890126938354399e+00 9.869893185188843177e+00 6.044469587834264246e+00 1.000000000000000056e-01
2.026290136100007544e+01 1.078890126938354399e+00 9.869893185188843177e+00 6.044469587834264246e+00 1.000000000000000056e-01
2.026290136100007544e+01 1.078890126938354399e+00 9.869893185188843177e+00 6.044469587834264246e+00 1.000000000000000056e-01
2.018514430903188384e+01 1.124179385659872077e+00 9.869893185188843177e+00 5.934882405676477291e+00 1.000000000000000056e-01
2.018514430903188384e+01 1.124179385659872077e+00 9.869893185188843177e+00 5.934882405676477291e+00 1.000000000000000056e-01
2.018514430903188384e+01 1.124179385659872077e+00 9.869893185188843177e+00 5.934882405676477291e+00 1.000000000000000056e-01
2.018514430903188384e+01 1.124179385659872077e+00 9.869893185188843177e+00 5.934882405676477291e+00 1.000000000000000056e-01
2.018514430903188384e+01 1.124179385659872077e+00 9.869893185188843177e+00 5.934882405676477291e+00 1.000000000000000056e-01
2.018514430903188384e+01 1.124179385659872077e+00 9.869893185188843177e+00 5.934882405676477291e+00 1.000000000000000056e-01
2.018514430903188384e+01 1.124179385659872077e+00 9.869893185188843177e+00 5.934882405676477291e+00 1.000000000000000056e-01
2.005962904092033483e+01 1.115727277113691018e+00 9.869893185188843177e+00 5.775292899174908179e+00 1.000000000000000056e-01
2.005962904092033483e+01 1.115727277113691018e+00 9.869893185188843177e+00 5.775292899174908179e+00 1.000000000000000056e-01
2.005962904092033483e+01 1.115727277113691018e+00 9.869893185188843177e+00 5.775292899174908179e+00 1.000000000000000056e-01
2.005962904092033483e+01 1.115727277113691018e+00 9.869893185188843177e+00 5.775292899174908179e+00 1.000000000000000056e-01
2.005962904092033483e+01 1.115727277113691018e+00 9.869893185188843177e+00 5.775292899174908179e+00 1.000000000000000056e-01
2.005962904092033483e+01 1.115727277113691018e+00 9.869893185188843177e+00 5.775292899174908179e+00 1.000000000000000056e-01
2.005962904092033483e+01 1.115727277113691018e+00 9.869893185188843177e+00 5.775292899174908179e+00 1.000000000000000056e-01
2.005962904092033483e+01 1.115727277113691018e+00 9.869893185188843177e+00 5.775292899174908179e+00 1.000000000000000056e-01
2.005962904092033483e+01 1.115727277113691018e+00 9.869893185188843177e+00 5.775292899174908179e+00 1.000000000000000056e-01
2.005962904092033483e+01 1.115727277113691018e+00 9.869893185188843177e+00 5.775292899174908179e+00 1.000000000000000056e-01
2.005962904092033483e+01 1.115727277113691018e+00 9.869893185188843177e+00 5.775292899174908179e+00 1.000000000000000056e-01
2.005962904092033483e+01 1.115727277113691018e+00 9.869893185188843177e+00 5.775292899174908179e+00 1.000000000000000056e-01
2.005962904092033483e+01 1.115727277113691018e+00 9.869893185188843177e+00 5.775292899174908179e+00 1.000000000000000056e-01
2.008348856759070244e+01 1.110202370591503174e+00 9.869893185188843177e+00 5.735314169164951181e+00 1.000000000000000056e-01
2.008348856759070244e+01 1.110202370591503174e+00 9.869893185188843177e+00 5.735314169164951181e+00 1.000000000000000056e-01
2.008348856759070244e+01 1.110202370591503174e+00 9.869893185188843177e+00 5.735314169164951181e+00 1.000000000000000056e-01
