2.093946704818674220e+01 1.223957364358677857e+00 9.869893185188843177e+00 7.037190295114323924e+00 1.000000000000000056e-01
2.088873146291615157e+01 1.018301618219352056e+00 9.869893185188843177e+00 7.157452718691969196e+00 1.000000000000000056e-01
2.088873146291615157e+01 1.018301618219352056e+00 9.869893185188843177e+00 7.157452718691969196e+00 1.000000000000000056e-01
2.088873146291615157e+01 1.018301618219352056e+00 9.869893185188843177e+00 7.157452718691969196e+00 1.000000000000000056e-01
2.088873146291615157e+01 1.018301618219352056e+00 9.869893185188843177e+00 7.157452718691969196e+00 1.000000000000000056e-01
2.070059707896429657e+01 1.080308987553842082e+00 9.869893185188843177e+00 7.179525495829651049e+00 1.000000000000000056e-01
2.070059707896429657e+01 1.080308987553842082e+00 9.869893185188843177e+00 7.179525495829651049e+00 1.000000000000000056e-01
2.070059707896429657e+01 1.080308987553842082e+00 9.869893185188843177e+00 7.179525495829651049e+00 1.000000000000000056e-01
2.070059707896429657e+01 1.080308987553842082e+00 9.869893185188843177e+00 7.179525495829651049e+00 1.000000000000000056e-01
2.063345309718127751e+01 1.027706621406216270e+00 9.869893185188843177e+00 7.014233790591086759e+00 1.000000000000000056e-01
2.063345309718127751e+01 1.027706621406216270e+00 9.869893185188843177e+00 7.014233790591086759e+00 1.000000000000000056e-01
2.059959029286529031e+01 1.121157947177439995e+00 9.869893185188843177e+00 6.848787341848368015e+00 1.000000000000000056e-01
2.071990419579340781e+01 1.049136221145492875e+00 9.869893185188843177e+00 6.848191521476887367e+00 1.000000000000000056e-01
2.071990419579340781e+01 1.049136221145492875e+00 9.869893185188843177e+00 6.848191521476887367e+00 1.000000000000000056e-01
2.071990419579340781e+01 1.049136221145492875e+00 9.869893185188843177e+00 6.848191521476887367e+00 1.000000000000000056e-01
2.071990419579340781e+01 1.049136221145492875e+00 9.869893185188843177e+00 6.848191521476887367e+00 1.000000000000000056e-01
2.071990419579340781e+01 1.049136221145492875e+00 9.869893185188843177e+00 6.848191521476887367e+00 1.000000000000000056e-01
2.071990419579340781e+01 1.049136221145492875e+00 9.869893185188843177e+00 6.848191521476887367e+00 1.000000000000000056e-01
2.071990419579340781e+01 1.049136221145492875e+00 9.869893185188843177e+00 6.848191521476887367e+00 1.000000000000000056e-01
2.071990419579340781e+01 1.049136221145492875e+00 9.869893185188843177e+00 6.848191521476887367e+00 1.000000000000000056e-01
2.071990419579340781e+01 1.049136221145492875e+00 9.869893185188843177e+00 6.848191521476887367e+00 1.000000000000000056e-01
2.071990419579340781e+01 1.049136221145492875e+00 9.869893185188843177e+00 6.848191521476887367e+00 1.000000000000000056e-01
2.071990419579340781e+01 1.049136221145492875e+00 9.869893185188843177e+00 6.848191521476887367e+00 1.000000000000000056e-01
2.071990419579340781e+01 1.049136221145492875e+00 9.869893185188843177e+00 6.848191521476887367e+00 1.000000000000000056e-01
2.071990419579340781e+01 1.049136221145492875e+00 9.869893185188843177e+00 6.848191521476887367e+00 1.000000000000000056e-01
2.071990419579340781e+01 1.049136221145492875e+00 9.869893185188843177e+00 6.848191521476887367e+00 1.000000000000000056e-01
2.071990419579340781e+01 1.049136221145492875e+00 9.869893185188843177e+00 6.848191521476887367e+00 1.000000000000000056e-01
2.061975502443479513e+01 1.069733047236540502e+00 9.869893185188843177e+00 6.589110836959618744e+00 1.000000000000000056e-01
2.061305271020091823e+01 1.060374305285905150e+00 9.869893185188843177e+00 6.558202231042226771e+00 1.000000000000000056e-01
2.061305271020091823e+01 1.060374305285905150e+00 9.869893185188843177e+00 6.558202231042226771e+00 1.000000000000000056e-01
2.061305271020091823e+01 1.060374305285905150e+00 9.869893185188843177e+00 6.558202231042226771e+00 1.000000000000000056e-01
2.040405762855944616e+01 1.087793827240498334e+00 9.869893185188843177e+00 6.375971917281090917e+00 1.000000000000000056e-01
2.040405762855944616e+01 1.087793827240498334e+00 9.869893185188843177e+00 6.375971917281090917e+00 1.000000000000000056e-01
2.040405762855944616e+01 1.087793827240498334e+00 9.869893185188843177e+00 6.375971917281090917e+00 1.000000000000000056e-01
2.055380234555402552e+01 1.093106875610765583e+00 9.869893185188843177e+00 6.370080048833247410e+00 1.000000000000000056e-01
2.055380234555402552e+01 1.093106875610765583e+00 9.869893185188843177e+00 6.370080048833247410e+00 1.000000000000000056e-01
2.055380234555402552e+01 1.093106875610765583e+00 9.869893185188843177e+00 6.370080048833247410e+00 1.000000000000000056e-01
2.055380234555402552e+01 1.093106875610765583e+00 9.869893185188843177e+00 6.370080048833247410e+00 1.000000000000000056e-01
2.055380234555402552e+01 1.093106875610765583e+00 9.869893185188843177e+00 6.370080048833247410e+00 1.000000000000000056e-01
2.055380234555402552e+01 1.093106875610765583e+00 9.869893185188843177e+00 6.370080048833247410e+00 1.000000000000000056e-01
2.055380234555402552e+01 1.093106875610765583e+00 9.869893185188843177e+00 6.370080048833247410e+00 1.000000000000000056e-01
2.055380234555402552e+01 1.093106875610765583e+00 9.869893185188843177e+00 6.370080048833247410e+00 1.000000000000000056e-01
2.055380234555402552e+01 1.093106875610765583e+00 9.869893185188843177e+00 6.370080048833247410e+00 1.000000000000000056e-01
2.060549818863517757e+01 1.107975430745563816e+00 9.869893185188843177e+00 6.230835693696730182e+00 1.000000000000000056e-01
2.060549818863517757e+01 1.107975430745563816e+00 9.869893185188843177e+00 6.230835693696730182e+00 1.000000000000000056e-01
2.060549818863517757e+01 1.107975430745563816e+00 9.869893185188843177e+00 6.230835693696730182e+00 1.000000000000000056e-01
2.060549818863517757e+01 1.107975430745563816e+00 9.869893185188843177e+00 6.230835693696730182e+00 1.000000000000000056e-01
2.060549818863517757e+01 1.107975430745563816e+00 9.869893185188843177e+00 6.230835693696730182e+00 1.000000000000000056e-01
2.060549818863517757e+01 1.107975430745563816e+00 9.869893185188843177e+00 6.230835693696730182e+00 1.000000000000000056e-01
2.060549818863517757e+01 1.107975430745563816e+00 9.869893185188843177e+00 6.230835693696730182e+00 1.000000000000000056e-01
2.060549818863517757e+01 1.107975430745563816e+00 9.869893185188843177e+00 6.230835693696730182e+00 1.000000000000000056e-01
2.060382439393075416e+01 1.064336198163387426e+00 9.869893185188843177e+00 6.140449700999631055e+00 1.000000000000000056e-01
2.060382439393075416e+01 1.064336198163387426e+00 9.869893185188843177e+00 6.140449700999631055e+00 1.000000000000000056e-01
2.060382439393075416e+01 1.064336198163387426e+00 9.869893185188843177e+00 6.140449700999631055e+00 1.000000000000000056e-01
2.060382439393075416e+01 1.064336198163387426e+00 9.869893185188843177e+00 6.140449700999631055e+00 1.000000000000000056e-01
2.060382439393075416e+01 1.064336198163387426e+00 9.869893185188843177e+00 6.140449700999631055e+00 1.000000000000000056e-01
2.060382439393075416e+01 1.064336198163387426e+00 9.869893185188843177e+00 6.140449700999631055e+00 1.000000000000000056e-01
2.067216015080447988e+01 1.095277172976964142e+00 9.869893185188843177e+00 6.079020667809459155e+00 1.000000000000000056e-01
2.067216015080447988e+01 1.095277172976964142e+00 9.869893185188843177e+00 6.079020667809459155e+00 1.000000000000000056e-01
2.067216015080447988e+01 1.095277172976964142e+00 9.869893185188843177e+00 6.079020667809459155e+00 1.000000000000000056e-01
2.067216015080447988e+01 1.095277172976964142e+00 9.869893185188843177e+00 6.079020667809459155e+00 1.000000000000000056e-01
2.060919703427958538e+01 1.077861973520291450e+00 9.869893185188843177e+00 5.973939701771138644e+00 1.000000000000000056e-01
2.060919703427958538e+01 1.077861973520291450e+00 9.869893185188843177e+00 5.973939701771138644e+00 1.000000000000000056e-01
2.060919703427958538e+01 1.077861973520291450e+00 9.869893185188843177e+00 5.973939701771138644e+00 1.000000000000000056e-01
2.060919703427958538e+01 1.077861973520291450e+00 9.869893185188843177e+00 5.973939701771138644e+00 1.000000000000000056e-01
2.060919703427958538e+01 1.077861973520291450e+00 9.869893185188843177e+00 5.973939701771138644e+00 1.000000000000000056e-01
2.060919703427958538e+01 1.077861973520291450e+00 9.869893185188843177e+00 5.973939701771138644e+00 1.000000000000000056e-01
2.060919703427958538e+01 1.077861973520291450e+00 9.869893185188843177e+00 5.973939701771138644e+00 1.000000000000000056e-01
2.060919703427958538e+01 1.077861973520291450e+00 9.869893185188843177e+00 5.973939701771138644e+00 1.000000000000000056e-01
2.060919703427958538e+01 1.077861973520291450e+00 9.869893185188843177e+00 5.973939701771138644e+00 1.000000000000000056e-01
2.060919703427958538e+01 1.077861973520291450e+00 9.869893185188843177e+00 5.973939701771138644e+00 1.000000000000000056e-01
2.060919703427958538e+01 1.077861973520291450e+00 9.869893185188843177e+00 5.973939701771138644e+00 1.000000000000000056e-01
2.060919703427958538e+01 1.077861973520291450e+00 9.869893185188843177e+00 5.973939701771138644e+00 1.000000000000000056e-01
2.060919703427958538e+01 1.077861973520291450e+00 9.869893185188843177e+00 5.973939701771138644e+00 1.000000000000000056e-01
2.060919703427958538e+01 1.077861973520291450e+00 9.869893185188843177e+00 5.973939701771138644e+00 1.000000000000000056e-01
2.060919703427958538e+01 1.077861973520291450e+00 9.869893185188843177e+00 5.973939701771138644e+00 1.000000000000000056e-01
2.060919703427958538e+01 1.077861973520291450e+00 9.869893185188843177e+00 5.973939701771138644e+00 1.000000000000000056e-01
2.066657168680377765e+01 1.086729301966436134e+00 9.869893185188843177e+00 5.965041369800972326e+00 1.000000000000000056e-01
2.066657168680377765e+01 1.086729301966436134e+00 9.869893185188843177e+00 5.965041369800972326e+00 1.000000000000000056e-01
2.066657168680377765e+01 1.086729301966436134e+00 9.869893185188843177e+00 5.965041369800972326e+00 1.000000000000000056e-01
2.066657168680377765e+01 1.086729301966436134e+00 9.869893185188843177e+00 5.965041369800972326e+00 1.000000000000000056e-01
2.063336693594804672e+01 1.098238859194198724e+00 9.869893185188843177e+00 5.883785725232080210e+00 1.000000000000000056e-01
2.063336693594804672e+01 1.098238859194198724e+00 9.869893185188843177e+00 5.883785725232080210e+00 1.000000000000000056e-01
2.063336693594804672e+01 1.098238859194198724e+00 9.869893185188843177e+00 5.883785725232080210e+00 1.000000000000000056e-01
2.063336693594804672e+01 1.098238859194198724e+00 9.869893185188843177e+00 5.883785725232080210e+00 1.000000000000000056e-01
2.063336693594804672e+01 1.098238859194198724e+00 9.869893185188843177e+00 5.883785725232080210e+00 1.000000000000000056e-01
2.063336693594804672e+01 1.098238859194198724e+00 9.869893185188843177e+00 5.883785725232080210e+00 1.000000000000000056e-01
2.077456288688780006e+01 1.141903233519967920e+00 9.869893185188843177e+00 5.748421746203143279e+00 1.000000000000000056e-01
2.077456288688780006e+01 1.141903233519967920e+00 9.869893185188843177e+00 5.748421746203143279e+00 1.000000000000000056e-01
2.088653452922213916e+01 1.096416171206434420e+00 9.869893185188843177e+00 5.787226354851373600e+00 1.000000000000000056e-01
2.088653452922213916e+01 1.096416171206434420e+00 9.869893185188843177e+00 5.787226354851373600e+00 1.000000000000000056e-01
2.088653452922213916e+01 1.096416171206434420e+00 9.869893185188843177e+00 5.787226354851373600e+00 1.000000000000000056e-01
2.088653452922213916e+01 1.096416171206434420e+00 9.869893185188843177e+00 5.787226354851373600e+00 1.000000000000000056e-01
2.088653452922213916e+01 1.096416171206434420e+00 9.869893185188843177e+00 5.787226354851373600e+00 1.000000000000000056e-01
2.096741539679259958e+01 1.119258024006020369e+00 9.869893185188843177e+00 5.711757033470398426e+00 1.000000000000000056e-01
2.096741539679259958e+01 1.119258024006020369e+00 9.869893185188843177e+00 5.711757033470398426e+00 1.000000000000000056e-01
2.096741539679259958e+01 1.119258024006020369e+00 9.869893185188843177e+00 5.711757033470398426e+00 1.000000000000000056e-01
2.096741539679259958e+01 1.119258024006020369e+00 9.869893185188843177e+00 5.711757033470398426e+00 1.000000000000000056e-01
2.096741539679259958e+01 1.119258024006020369e+00 9.869893185188843177e+00 5.711757033470398426e+00 1.000000000000000056e-01
2.096741539679259958e+01 1.119258024006020369e+00 9.869893185188843177e+00 5.711757033470398426e+00 1.000000000000000056e-01
