2.103914580476243046e+01 1.399999999999999911e+00 9.869893185188843177e+00 7.000000000000000000e+00 1.000000000000000056e-01
2.101362793461970568e+01 1.350680182622808978e+00 9.869893185188843177e+00 6.954982067760130171e+00 1.000000000000000056e-01
2.101362793461970568e+01 1.350680182622808978e+00 9.869893185188843177e+00 6.954982067760130171e+00 1.000000000000000056e-01
2.101362793461970568e+01 1.350680182622808978e+00 9.869893185188843177e+00 6.954982067760130171e+00 1.000000000000000056e-01
2.101362793461970568e+01 1.350680182622808978e+00 9.869893185188843177e+00 6.954982067760130171e+00 1.000000000000000056e-01
2.109049634278989060e+01 1.286823149776006758e+00 9.869893185188843177e+00 6.994917681423380884e+00 1.000000000000000056e-01
2.111028195750154524e+01 1.281296185547629252e+00 9.869893185188843177e+00 6.882640770040001854e+00 1.000000000000000056e-01
2.111028195750154524e+01 1.281296185547629252e+00 9.869893185188843177e+00 6.882640770040001854e+00 1.000000000000000056e-01
2.114831443880386885e+01 1.279116377648346958e+00 9.869893185188843177e+00 6.820287202048790576e+00 1.000000000000000056e-01
2.114831443880386885e+01 1.279116377648346958e+00 9.869893185188843177e+00 6.820287202048790576e+00 1.000000000000000056e-01
2.114831443880386885e+01 1.279116377648346958e+00 9.869893185188843177e+00 6.820287202048790576e+00 1.000000000000000056e-01
2.114831443880386885e+01 1.279116377648346958e+00 9.869893185188843177e+00 6.820287202048790576e+00 1.000000000000000056e-01
2.115080223761686540e+01 1.157107402907799676e+00 9.869893185188843177e+00 7.009310966203003979e+00 1.000000000000000056e-01
2.093838170427772383e+01 1.171387949011432283e+00 9.869893185188843177e+00 6.837490408838225342e+00 1.000000000000000056e-01
2.093838170427772383e+01 1.171387949011432283e+00 9.869893185188843177e+00 6.837490408838225342e+00 1.000000000000000056e-01
2.105389850323089362e+01 1.083617227470824007e+00 9.869893185188843177e+00 6.865495659092769820e+00 1.000000000000000056e-01
2.105389850323089362e+01 1.083617227470824007e+00 9.869893185188843177e+00 6.865495659092769820e+00 1.000000000000000056e-01
2.105389850323089362e+01 1.083617227470824007e+00 9.869893185188843177e+00 6.865495659092769820e+00 1.000000000000000056e-01
2.105389850323089362e+01 1.083617227470824007e+00 9.869893185188843177e+00 6.865495659092769820e+00 1.000000000000000056e-01
2.105389850323089362e+01 1.083617227470824007e+00 9.869893185188843177e+00 6.865495659092769820e+00 1.000000000000000056e-01
2.105389850323089362e+01 1.083617227470824007e+00 9.869893185188843177e+00 6.865495659092769820e+00 1.000000000000000056e-01
2.105389850323089362e+01 1.083617227470824007e+00 9.869893185188843177e+00 6.865495659092769820e+00 1.000000000000000056e-01
2.105389850323089362e+01 1.083617227470824007e+00 9.869893185188843177e+00 6.865495659092769820e+00 1.000000000000000056e-01
2.105389850323089362e+01 1.083617227470824007e+00 9.869893185188843177e+00 6.865495659092769820e+00 1.000000000000000056e-01
2.105389850323089362e+01 1.083617227470824007e+00 9.869893185188843177e+00 6.865495659092769820e+00 1.000000000000000056e-01
2.105389850323089362e+01 1.083617227470824007e+00 9.869893185188843177e+00 6.865495659092769820e+00 1.000000000000000056e-01
2.105389850323089362e+01 1.083617227470824007e+00 9.869893185188843177e+00 6.865495659092769820e+00 1.000000000000000056e-01
2.105389850323089362e+01 1.083617227470824007e+00 9.869893185188843177e+00 6.865495659092769820e+00 1.000000000000000056e-01
2.087770865117613894e+01 1.026783871911543855e+00 9.869893185188843177e+00 6.713124562771363379e+00 1.000000000000000056e-01
2.087770865117613894e+01 1.026783871911543855e+00 9.869893185188843177e+00 6.713124562771363379e+00 1.000000000000000056e-01
2.087770865117613894e+01 1.026783871911543855e+00 9.869893185188843177e+00 6.713124562771363379e+00 1.000000000000000056e-01
2.087770865117613894e+01 1.026783871911543855e+00 9.869893185188843177e+00 6.713124562771363379e+00 1.000000000000000056e-01
2.077216603136999851e+01 1.083503227525085766e+00 9.869893185188843177e+00 6.719714204032863236e+00 1.000000000000000056e-01
2.075378137375530230e+01 1.099624528547449964e+00 9.869893185188843177e+00 6.692307818186835178e+00 1.000000000000000056e-01
2.075378137375530230e+01 1.099624528547449964e+00 9.869893185188843177e+00 6.692307818186835178e+00 1.000000000000000056e-01
2.075378137375530230e+01 1.099624528547449964e+00 9.869893185188843177e+00 6.692307818186835178e+00 1.000000000000000056e-01
2.075378137375530230e+01 1.099624528547449964e+00 9.869893185188843177e+00 6.692307818186835178e+00 1.000000000000000056e-01
2.075378137375530230e+01 1.099624528547449964e+00 9.869893185188843177e+00 6.692307818186835178e+00 1.000000000000000056e-01
2.075378137375530230e+01 1.099624528547449964e+00 9.869893185188843177e+00 6.692307818186835178e+00 1.000000000000000056e-01
2.075378137375530230e+01 1.099624528547449964e+00 9.869893185188843177e+00 6.692307818186835178e+00 1.000000000000000056e-01
2.075378137375530230e+01 1.099624528547449964e+00 9.869893185188843177e+00 6.692307818186835178e+00 1.000000000000000056e-01
2.086130218416378668e+01 1.062240943126213200e+00 9.869893185188843177e+00 6.687952310652796939e+00 1.000000000000000056e-01
2.102592516014554391e+01 1.025947157846479163e+00 9.869893185188843177e+00 6.572234345413341394e+00 1.000000000000000056e-01
2.102592516014554391e+01 1.025947157846479163e+00 9.869893185188843177e+00 6.572234345413341394e+00 1.000000000000000056e-01
2.102592516014554391e+01 1.025947157846479163e+00 9.869893185188843177e+00 6.572234345413341394e+00 1.000000000000000056e-01
2.102592516014554391e+01 1.025947157846479163e+00 9.869893185188843177e+00 6.572234345413341394e+00 1.000000000000000056e-01
2.114741310647625738e+01 1.063414957074034994e+00 9.869893185188843177e+00 6.499261506285124668e+00 1.000000000000000056e-01
2.114741310647625738e+01 1.063414957074034994e+00 9.869893185188843177e+00 6.499261506285124668e+00 1.000000000000000056e-01
2.114741310647625738e+01 1.063414957074034994e+00 9.869893185188843177e+00 6.499261506285124668e+00 1.000000000000000056e-01
2.114741310647625738e+01 1.063414957074034994e+00 9.869893185188843177e+00 6.499261506285124668e+00 1.000000000000000056e-01
2.110937032258566504e+01 1.123352745816996956e+00 9.869893185188843177e+00 6.371087393750324956e+00 1.000000000000000056e-01
2.107362430137694176e+01 1.069156013395801574e+00 9.869893185188843177e+00 6.316249639935193727e+00 1.000000000000000056e-01
2.101930642019291184e+01 1.059314892571497690e+00 9.869893185188843177e+00 6.201848178679918888e+00 1.000000000000000056e-01
2.101930642019291184e+01 1.059314892571497690e+00 9.869893185188843177e+00 6.201848178679918888e+00 1.000000000000000056e-01
2.101930642019291184e+01 1.059314892571497690e+00 9.869893185188843177e+00 6.201848178679918888e+00 1.000000000000000056e-01
2.100562615478020945e+01 1.076844709850064863e+00 9.869893185188843177e+00 6.165482389329500990e+00 1.000000000000000056e-01
2.100562615478020945e+01 1.076844709850064863e+00 9.869893185188843177e+00 6.165482389329500990e+00 1.000000000000000056e-01
2.100562615478020945e+01 1.076844709850064863e+00 9.869893185188843177e+00 6.165482389329500990e+00 1.000000000000000056e-01
2.100562615478020945e+01 1.076844709850064863e+00 9.869893185188843177e+00 6.165482389329500990e+00 1.000000000000000056e-01
2.100562615478020945e+01 1.076844709850064863e+00 9.869893185188843177e+00 6.165482389329500990e+00 1.000000000000000056e-01
2.100562615478020945e+01 1.076844709850064863e+00 9.869893185188843177e+00 6.165482389329500990e+00 1.000000000000000056e-01
2.100562615478020945e+01 1.076844709850064863e+00 9.869893185188843177e+00 6.165482389329500990e+00 1.000000000000000056e-01
2.100562615478020945e+01 1.076844709850064863e+00 9.869893185188843177e+00 6.165482389329500990e+00 1.000000000000000056e-01
2.100562615478020945e+01 1.076844709850064863e+00 9.869893185188843177e+00 6.165482389329500990e+00 1.000000000000000056e-01
2.100562615478020945e+01 1.076844709850064863e+00 9.869893185188843177e+00 6.165482389329500990e+00 1.000000000000000056e-01
2.100562615478020945e+01 1.076844709850064863e+00 9.869893185188843177e+00 6.165482389329500990e+00 1.000000000000000056e-01
2.100562615478020945e+01 1.076844709850064863e+00 9.869893185188843177e+00 6.165482389329500990e+00 1.000000000000000056e-01
2.100562615478020945e+01 1.076844709850064863e+00 9.869893185188843177e+00 6.165482389329500990e+00 1.000000000000000056e-01
2.100562615478020945e+01 1.076844709850064863e+00 9.869893185188843177e+00 6.165482389329500990e+00 1.000000000000000056e-01
2.100562615478020945e+01 1.076844709850064863e+00 9.869893185188843177e+00 6.165482389329500990e+00 1.000000000000000056e-01
2.100562615478020945e+01 1.076844709850064863e+00 9.869893185188843177e+00 6.165482389329500990e+00 1.000000000000000056e-01
2.100562615478020945e+01 1.076844709850064863e+00 9.869893185188843177e+00 6.165482389329500990e+00 1.000000000000000056e-01
2.100562615478020945e+01 1.076844709850064863e+00 9.869893185188843177e+00 6.165482389329500990e+00 1.000000000000000056e-01
2.100562615478020945e+01 1.076844709850064863e+00 9.869893185188843177e+00 6.165482389329500990e+00 1.000000000000000056e-01
2.100562615478020945e+01 1.076844709850064863e+00 9.869893185188843177e+00 6.165482389329500990e+00 1.000000000000000056e-01
2.100562615478020945e+01 1.076844709850064863e+00 9.869893185188843177e+00 6.165482389329500990e+00 1.000000000000000056e-01
2.100562615478020945e+01 1.076844709850064863e+00 9.869893185188843177e+00 6.165482389329500990e+00 1.000000000000000056e-01
2.100562615478020945e+01 1.076844709850064863e+00 9.869893185188843177e+00 6.165482389329500990e+00 1.000000000000000056e-01
2.100562615478020945e+01 1.076844709850064863e+00 9.869893185188843177e+00 6.165482389329500990e+00 1.000000000000000056e-01
2.100562615478020945e+01 1.076844709850064863e+00 9.869893185188843177e+00 6.165482389329500990e+00 1.000000000000000056e-01
2.100562615478020945e+01 1.076844709850064863e+00 9.869893185188843177e+00 6.165482389329500990e+00 1.000000000000000056e-01
2.091253731477448596e+01 1.113560120148140431e+00 9.869893185188843177e+00 6.082230245984380446e+00 1.000000000000000056e-01
2.091253731477448596e+01 1.113560120148140431e+00 9.869893185188843177e+00 6.082230245984380446e+00 1.000000000000000056e-01
2.091253731477448596e+01 1.113560120148140431e+00 9.869893185188843177e+00 6.082230245984380446e+00 1.000000000000000056e-01
2.091253731477448596e+01 1.113560120148140431e+00 9.869893185188843177e+00 6.082230245984380446e+00 1.000000000000000056e-01
2.091253731477448596e+01 1.113560120148140431e+00 9.869893185188843177e+00 6.082230245984380446e+00 1.000000000000000056e-01
2.091253731477448596e+01 1.113560120148140431e+00 9.869893185188843177e+00 6.082230245984380446e+00 1.000000000000000056e-01
2.099749862601991524e+01 1.082919846938237507e+00 9.869893185188843177e+00 6.035108222825362745e+00 1.000000000000000056e-01
2.099749862601991524e+01 1.082919846938237507e+00 9.869893185188843177e+00 6.035108222825362745e+00 1.000000000000000056e-01
2.079840792742364997e+01 1.068661201178354503e+00 9.869893185188843177e+00 5.945544933124040199e+00 1.000000000000000056e-01
2.079840792742364997e+01 1.068661201178354503e+00 9.869893185188843177e+00 5.945544933124040199e+00 1.000000000000000056e-01
2.079840792742364997e+01 1.068661201178354503e+00 9.869893185188843177e+00 5.945544933124040199e+00 1.000000000000000056e-01
2.079840792742364997e+01 1.068661201178354503e+00 9.869893185188843177e+00 5.945544933124040199e+00 1.000000000000000056e-01
2.087460304716490000e+01 1.091592364389424530e+00 9.869893185188843177e+00 5.911980489599009125e+00 1.000000000000000056e-01
2.087460304716490000e+01 1.091592364389424530e+00 9.869893185188843177e+00 5.911980489599009125e+00 1.000000000000000056e-01
2.087460304716490000e+01 1.091592364389424530e+00 9.869893185188843177e+00 5.911980489599009125e+00 1.000000000000000056e-01
2.087460304716490000e+01 1.091592364389424530e+00 9.869893185188843177e+00 5.911980489599009125e+00 1.000000000000000056e-01
2.087460304716490000e+01 1.091592364389424530e+00 9.869893185188843177e+00 5.911980489599009125e+00 1.000000000000000056e-01
2.087460304716490000e+01 1.091592364389424530e+00 9.869893185188843177e+00 5.911980489599009125e+00 1.000000000000000056e-01
2.087460304716490000e+01 1.091592364389424530e+00 9.869893185188843177e+00 5.911980489599009125e+00 1.000000000000000056e-01
