2.103914580476243046e+01 1.399999999999999911e+00 9.869893185188843177e+00 7.000000000000000000e+00 1.000000000000000056e-01
2.085346693091425863e+01 1.356493758339084588e+00 9.869893185188843177e+00 6.870146996856517418e+00 1.000000000000000056e-01
2.085346693091425863e+01 1.356493758339084588e+00 9.869893185188843177e+00 6.870146996856517418e+00 1.000000000000000056e-01
2.086516468325301688e+01 1.349800839620963311e+00 9.869893185188843177e+00 6.894983536572688365e+00 1.000000000000000056e-01
2.086623679001723985e+01 1.261072949113778430e+00 9.869893185188843177e+00 7.002024862811360606e+00 1.000000000000000056e-01
2.086623679001723985e+01 1.261072949113778430e+00 9.869893185188843177e+00 7.002024862811360606e+00 1.000000000000000056e-01
2.086623679001723985e+01 1.261072949113778430e+00 9.869893185188843177e+00 7.002024862811360606e+00 1.000000000000000056e-01
2.083005148252830097e+01 1.161425587087162592e+00 9.869893185188843177e+00 6.933142400076056866e+00 1.000000000000000056e-01
2.097250672947936323e+01 1.169167584853521014e+00 9.869893185188843177e+00 6.795484388751850346e+00 1.000000000000000056e-01
2.097250672947936323e+01 1.169167584853521014e+00 9.869893185188843177e+00 6.795484388751850346e+00 1.000000000000000056e-01
2.097250672947936323e+01 1.169167584853521014e+00 9.869893185188843177e+00 6.795484388751850346e+00 1.000000000000000056e-01
2.097250672947936323e+01 1.169167584853521014e+00 9.869893185188843177e+00 6.795484388751850346e+00 1.000000000000000056e-01
2.097250672947936323e+01 1.169167584853521014e+00 9.869893185188843177e+00 6.795484388751850346e+00 1.000000000000000056e-01
2.082092272151975010e+01 1.130148768154594530e+00 9.869893185188843177e+00 6.786717892096966409e+00 1.000000000000000056e-01
2.082092272151975010e+01 1.130148768154594530e+00 9.869893185188843177e+00 6.786717892096966409e+00 1.000000000000000056e-01
2.082092272151975010e+01 1.130148768154594530e+00 9.869893185188843177e+00 6.786717892096966409e+00 1.000000000000000056e-01
2.076170976225007792e+01 1.051116290819361199e+00 9.869893185188843177e+00 6.891151365409060148e+00 1.000000000000000056e-01
2.076170976225007792e+01 1.051116290819361199e+00 9.869893185188843177e+00 6.891151365409060148e+00 1.000000000000000056e-01
2.076170976225007792e+01 1.051116290819361199e+00 9.869893185188843177e+00 6.891151365409060148e+00 1.000000000000000056e-01
2.076170976225007792e+01 1.051116290819361199e+00 9.869893185188843177e+00 6.891151365409060148e+00 1.000000000000000056e-01
2.076170976225007792e+01 1.051116290819361199e+00 9.869893185188843177e+00 6.891151365409060148e+00 1.000000000000000056e-01
2.076170976225007792e+01 1.051116290819361199e+00 9.869893185188843177e+00 6.891151365409060148e+00 1.000000000000000056e-01
2.075484131682132016e+01 1.098111481513014631e+00 9.869893185188843177e+00 6.806626481261679906e+00 1.000000000000000056e-01
2.075484131682132016e+01 1.098111481513014631e+00 9.869893185188843177e+00 6.806626481261679906e+00 1.000000000000000056e-01
2.075484131682132016e+01 1.098111481513014631e+00 9.869893185188843177e+00 6.806626481261679906e+00 1.000000000000000056e-01
2.075428526570844312e+01 1.034679170947845117e+00 9.869893185188843177e+00 6.738713082516071040e+00 1.000000000000000056e-01
2.075428526570844312e+01 1.034679170947845117e+00 9.869893185188843177e+00 6.738713082516071040e+00 1.000000000000000056e-01
2.075428526570844312e+01 1.034679170947845117e+00 9.869893185188843177e+00 6.738713082516071040e+00 1.000000000000000056e-01
2.086704762612123076e+01 1.124577647467687624e+00 9.869893185188843177e+00 6.670317934955494188e+00 1.000000000000000056e-01
2.086704762612123076e+01 1.124577647467687624e+00 9.869893185188843177e+00 6.670317934955494188e+00 1.000000000000000056e-01
2.091035090293675580e+01 1.095013185671338318e+00 9.869893185188843177e+00 6.713938069834115119e+00 1.000000000000000056e-01
2.091035090293675580e+01 1.095013185671338318e+00 9.869893185188843177e+00 6.713938069834115119e+00 1.000000000000000056e-01
2.091035090293675580e+01 1.095013185671338318e+00 9.869893185188843177e+00 6.713938069834115119e+00 1.000000000000000056e-01
2.079598615265130590e+01 1.065644969544271126e+00 9.869893185188843177e+00 6.584792233511725712e+00 1.000000000000000056e-01
2.079598615265130590e+01 1.065644969544271126e+00 9.869893185188843177e+00 6.584792233511725712e+00 1.000000000000000056e-01
2.079598615265130590e+01 1.065644969544271126e+00 9.869893185188843177e+00 6.584792233511725712e+00 1.000000000000000056e-01
2.079598615265130590e+01 1.065644969544271126e+00 9.869893185188843177e+00 6.584792233511725712e+00 1.000000000000000056e-01
2.079598615265130590e+01 1.065644969544271126e+00 9.869893185188843177e+00 6.584792233511725712e+00 1.000000000000000056e-01
2.079598615265130590e+01 1.065644969544271126e+00 9.869893185188843177e+00 6.584792233511725712e+00 1.000000000000000056e-01
2.082526044724085068e+01 1.103185575636500104e+00 9.869893185188843177e+00 6.520725964704437772e+00 1.000000000000000056e-01
2.082526044724085068e+01 1.103185575636500104e+00 9.869893185188843177e+00 6.520725964704437772e+00 1.000000000000000056e-01
2.081143310143721692e+01 1.078430735899266635e+00 9.869893185188843177e+00 6.476924689257149481e+00 1.000000000000000056e-01
2.081143310143721692e+01 1.078430735899266635e+00 9.869893185188843177e+00 6.476924689257149481e+00 1.000000000000000056e-01
2.081143310143721692e+01 1.078430735899266635e+00 9.869893185188843177e+00 6.476924689257149481e+00 1.000000000000000056e-01
2.081143310143721692e+01 1.078430735899266635e+00 9.869893185188843177e+00 6.476924689257149481e+00 1.000000000000000056e-01
2.081143310143721692e+01 1.078430735899266635e+00 9.869893185188843177e+00 6.476924689257149481e+00 1.000000000000000056e-01
2.081143310143721692e+01 1.078430735899266635e+00 9.869893185188843177e+00 6.476924689257149481e+00 1.000000000000000056e-01
2.081143310143721692e+01 1.078430735899266635e+00 9.869893185188843177e+00 6.476924689257149481e+00 1.000000000000000056e-01
2.081143310143721692e+01 1.078430735899266635e+00 9.869893185188843177e+00 6.476924689257149481e+00 1.000000000000000056e-01
2.084155456295999898e+01 1.131354545518052479e+00 9.869893185188843177e+00 6.351627099634480800e+00 1.000000000000000056e-01
2.084155456295999898e+01 1.131354545518052479e+00 9.869893185188843177e+00 6.351627099634480800e+00 1.000000000000000056e-01
2.084155456295999898e+01 1.131354545518052479e+00 9.869893185188843177e+00 6.351627099634480800e+00 1.000000000000000056e-01
2.084155456295999898e+01 1.131354545518052479e+00 9.869893185188843177e+00 6.351627099634480800e+00 1.000000000000000056e-01
2.084155456295999898e+01 1.131354545518052479e+00 9.869893185188843177e+00 6.351627099634480800e+00 1.000000000000000056e-01
2.084155456295999898e+01 1.131354545518052479e+00 9.869893185188843177e+00 6.351627099634480800e+00 1.000000000000000056e-01
2.097665069714814479e+01 1.141335495604538952e+00 9.869893185188843177e+00 6.299694608942761676e+00 1.000000000000000056e-01
2.106496036469592070e+01 1.131545649201811665e+00 9.869893185188843177e+00 6.269280887020522108e+00 1.000000000000000056e-01
2.106496036469592070e+01 1.131545649201811665e+00 9.869893185188843177e+00 6.269280887020522108e+00 1.000000000000000056e-01
2.105577145249665705e+01 1.152453471188795930e+00 9.869893185188843177e+00 6.194262099742442018e+00 1.000000000000000056e-01
2.105577145249665705e+01 1.152453471188795930e+00 9.869893185188843177e+00 6.194262099742442018e+00 1.000000000000000056e-01
2.105577145249665705e+01 1.152453471188795930e+00 9.869893185188843177e+00 6.194262099742442018e+00 1.000000000000000056e-01
2.112446987305298762e+01 1.090160693111714263e+00 9.869893185188843177e+00 6.090371219795544633e+00 1.000000000000000056e-01
2.112446987305298762e+01 1.090160693111714263e+00 9.869893185188843177e+00 6.090371219795544633e+00 1.000000000000000056e-01
2.112333707278100547e+01 1.114578241482719445e+00 9.869893185188843177e+00 6.037290780569936288e+00 1.000000000000000056e-01
2.112333707278100547e+01 1.114578241482719445e+00 9.869893185188843177e+00 6.037290780569936288e+00 1.000000000000000056e-01
2.112333707278100547e+01 1.114578241482719445e+00 9.869893185188843177e+00 6.037290780569936288e+00 1.000000000000000056e-01
2.112333707278100547e+01 1.114578241482719445e+00 9.869893185188843177e+00 6.037290780569936288e+00 1.000000000000000056e-01
2.105353328835595406e+01 1.121763902027783866e+00 9.869893185188843177e+00 6.010698156587283236e+00 1.000000000000000056e-01
2.105353328835595406e+01 1.121763902027783866e+00 9.869893185188843177e+00 6.010698156587283236e+00 1.000000000000000056e-01
2.105353328835595406e+01 1.121763902027783866e+00 9.869893185188843177e+00 6.010698156587283236e+00 1.000000000000000056e-01
2.105353328835595406e+01 1.121763902027783866e+00 9.869893185188843177e+00 6.010698156587283236e+00 1.000000000000000056e-01
2.106189659871376918e+01 1.095532205632749445e+00 9.869893185188843177e+00 6.025664745688213308e+00 1.000000000000000056e-01
2.106189659871376918e+01 1.095532205632749445e+00 9.869893185188843177e+00 6.025664745688213308e+00 1.000000000000000056e-01
2.122432175060890813e+01 1.082167623681844049e+00 9.869893185188843177e+00 5.840411841598181830e+00 1.000000000000000056e-01
2.122432175060890813e+01 1.082167623681844049e+00 9.869893185188843177e+00 5.840411841598181830e+00 1.000000000000000056e-01
2.122432175060890813e+01 1.082167623681844049e+00 9.869893185188843177e+00 5.840411841598181830e+00 1.000000000000000056e-01
2.122432175060890813e+01 1.082167623681844049e+00 9.869893185188843177e+00 5.840411841598181830e+00 1.000000000000000056e-01
2.122432175060890813e+01 1.082167623681844049e+00 9.869893185188843177e+00 5.840411841598181830e+00 1.000000000000000056e-01
2.122432175060890813e+01 1.082167623681844049e+00 9.869893185188843177e+00 5.840411841598181830e+00 1.000000000000000056e-01
2.122432175060890813e+01 1.082167623681844049e+00 9.869893185188843177e+00 5.840411841598181830e+00 1.000000000000000056e-01
2.122432175060890813e+01 1.082167623681844049e+00 9.869893185188843177e+00 5.840411841598181830e+00 1.000000000000000056e-01
2.122432175060890813e+01 1.082167623681844049e+00 9.869893185188843177e+00 5.840411841598181830e+00 1.000000000000000056e-01
2.122432175060890813e+01 1.082167623681844049e+00 9.869893185188843177e+00 5.840411841598181830e+00 1.000000000000000056e-01
2.122432175060890813e+01 1.082167623681844049e+00 9.869893185188843177e+00 5.840411841598181830e+00 1.000000000000000056e-01
2.122432175060890813e+01 1.082167623681844049e+00 9.869893185188843177e+00 5.840411841598181830e+00 1.000000000000000056e-01
2.122432175060890813e+01 1.082167623681844049e+00 9.869893185188843177e+00 5.840411841598181830e+00 1.000000000000000056e-01
2.122432175060890813e+01 1.082167623681844049e+00 9.869893185188843177e+00 5.840411841598181830e+00 1.000000000000000056e-01
2.122432175060890813e+01 1.082167623681844049e+00 9.869893185188843177e+00 5.840411841598181830e+00 1.000000000000000056e-01
2.122432175060890813e+01 1.082167623681844049e+00 9.869893185188843177e+00 5.840411841598181830e+00 1.000000000000000056e-01
2.109876825583329918e+01 1.076204535644653459e+00 9.869893185188843177e+00 5.787895653931447448e+00 1.000000000000000056e-01
2.109876825583329918e+01 1.076204535644653459e+00 9.869893185188843177e+00 5.787895653931447448e+00 1.000000000000000056e-01
2.109876825583329918e+01 1.076204535644653459e+00 9.869893185188843177e+00 5.787895653931447448e+00 1.000000000000000056e-01
2.109876825583329918e+01 1.076204535644653459e+00 9.869893185188843177e+00 5.787895653931447448e+00 1.000000000000000056e-01
2.109876825583329918e+01 1.076204535644653459e+00 9.869893185188843177e+00 5.787895653931447448e+00 1.000000000000000056e-01
2.106345817518455377e+01 1.080528326664620620e+00 9.869893185188843177e+00 5.704395447251213724e+00 1.000000000000000056e-01
2.106345817518455377e+01 1.080528326664620620e+00 9.869893185188843177e+00 5.704395447251213724e+00 1.000000000000000056e-01
2.106345817518455377e+01 1.080528326664620620e+00 9.869893185188843177e+00 5.704395447251213724e+00 1.000000000000000056e-01
2.106345817518455377e+01 1.080528326664620620e+00 9.869893185188843177e+00 5.704395447251213724e+00 1.000000000000000056e-01
2.106345817518455377e+01 1.080528326664620620e+00 9.869893185188843177e+00 5.704395447251213724e+00 1.000000000000000056e-01
2.106345817518455377e+01 1.080528326664620620e+00 9.869893185188843177e+00 5.704395447251213724e+00 1.000000000000000056e-01
