2.093012741560286116e+01 1.292664108475144014e+00 9.869893185188843177e+00 6.987812434608128065e+00 1.000000000000000056e-01
2.093012741560286116e+01 1.292664108475144014e+00 9.869893185188843177e+00 6.987812434608128065e+00 1.000000000000000056e-01
2.103654421214163861e+01 1.299918777286766414e+00 9.869893185188843177e+00 6.915757947235767311e+00 1.000000000000000056e-01
2.117565129638256494e+01 1.206520946604926037e+00 9.869893185188843177e+00 6.861866916262933103e+00 1.000000000000000056e-01
2.120201308476298863e+01 1.137989134624373344e+00 9.869893185188843177e+00 6.797020213400683630e+00 1.000000000000000056e-01
2.120201308476298863e+01 1.137989134624373344e+00 9.869893185188843177e+00 6.797020213400683630e+00 1.000000000000000056e-01
2.120201308476298863e+01 1.137989134624373344e+00 9.869893185188843177e+00 6.797020213400683630e+00 1.000000000000000056e-01
2.120201308476298863e+01 1.137989134624373344e+00 9.869893185188843177e+00 6.797020213400683630e+00 1.000000000000000056e-01
2.127482293576100858e+01 1.047642580239861010e+00 9.869893185188843177e+00 6.936949850462021061e+00 1.000000000000000056e-01
2.127482293576100858e+01 1.047642580239861010e+00 9.869893185188843177e+00 6.936949850462021061e+00 1.000000000000000056e-01
2.127482293576100858e+01 1.047642580239861010e+00 9.869893185188843177e+00 6.936949850462021061e+00 1.000000000000000056e-01
2.127482293576100858e+01 1.047642580239861010e+00 9.869893185188843177e+00 6.936949850462021061e+00 1.000000000000000056e-01
2.127482293576100858e+01 1.047642580239861010e+00 9.869893185188843177e+00 6.936949850462021061e+00 1.000000000000000056e-01
2.127482293576100858e+01 1.047642580239861010e+00 9.869893185188843177e+00 6.936949850462021061e+00 1.000000000000000056e-01
2.127482293576100858e+01 1.047642580239861010e+00 9.869893185188843177e+00 6.936949850462021061e+00 1.000000000000000056e-01
2.127482293576100858e+01 1.047642580239861010e+00 9.869893185188843177e+00 6.936949850462021061e+00 1.000000000000000056e-01
2.127482293576100858e+01 1.047642580239861010e+00 9.869893185188843177e+00 6.936949850462021061e+00 1.000000000000000056e-01
2.127482293576100858e+01 1.047642580239861010e+00 9.869893185188843177e+00 6.936949850462021061e+00 1.000000000000000056e-01
2.127482293576100858e+01 1.047642580239861010e+00 9.869893185188843177e+00 6.936949850462021061e+00 1.000000000000000056e-01
2.105920889247092376e+01 1.055661091552644093e+00 9.869893185188843177e+00 6.742723763740571918e+00 1.000000000000000056e-01
2.105920889247092376e+01 1.055661091552644093e+00 9.869893185188843177e+00 6.742723763740571918e+00 1.000000000000000056e-01
2.105920889247092376e+01 1.055661091552644093e+00 9.869893185188843177e+00 6.742723763740571918e+00 1.000000000000000056e-01
2.114534371867594587e+01 1.026551462242839108e+00 9.869893185188843177e+00 6.705232406371943732e+00 1.000000000000000056e-01
2.114534371867594587e+01 1.026551462242839108e+00 9.869893185188843177e+00 6.705232406371943732e+00 1.000000000000000056e-01
2.114534371867594587e+01 1.026551462242839108e+00 9.869893185188843177e+00 6.705232406371943732e+00 1.000000000000000056e-01
2.114534371867594587e+01 1.026551462242839108e+00 9.869893185188843177e+00 6.705232406371943732e+00 1.000000000000000056e-01
2.114534371867594587e+01 1.026551462242839108e+00 9.869893185188843177e+00 6.705232406371943732e+00 1.000000000000000056e-01
2.114534371867594587e+01 1.026551462242839108e+00 9.869893185188843177e+00 6.705232406371943732e+00 1.000000000000000056e-01
2.114534371867594587e+01 1.026551462242839108e+00 9.869893185188843177e+00 6.705232406371943732e+00 1.000000000000000056e-01
2.114534371867594587e+01 1.026551462242839108e+00 9.869893185188843177e+00 6.705232406371943732e+00 1.000000000000000056e-01
2.114534371867594587e+01 1.026551462242839108e+00 9.869893185188843177e+00 6.705232406371943732e+00 1.000000000000000056e-01
2.114534371867594587e+01 1.026551462242839108e+00 9.869893185188843177e+00 6.705232406371943732e+00 1.000000000000000056e-01
2.114534371867594587e+01 1.026551462242839108e+00 9.869893185188843177e+00 6.705232406371943732e+00 1.000000000000000056e-01
2.114534371867594587e+01 1.026551462242839108e+00 9.869893185188843177e+00 6.705232406371943732e+00 1.000000000000000056e-01
2.114534371867594587e+01 1.026551462242839108e+00 9.869893185188843177e+00 6.705232406371943732e+00 1.000000000000000056e-01
2.109745314173956388e+01 1.126800145006585652e+00 9.869893185188843177e+00 6.585769914905120537e+00 1.000000000000000056e-01
2.107499239049609230e+01 1.107553589266151883e+00 9.869893185188843177e+00 6.544209808962227370e+00 1.000000000000000056e-01
2.100036720158841774e+01 1.108430686576788116e+00 9.869893185188843177e+00 6.409218037430179038e+00 1.000000000000000056e-01
2.100036720158841774e+01 1.108430686576788116e+00 9.869893185188843177e+00 6.409218037430179038e+00 1.000000000000000056e-01
2.100036720158841774e+01 1.108430686576788116e+00 9.869893185188843177e+00 6.409218037430179038e+00 1.000000000000000056e-01
2.100036720158841774e+01 1.108430686576788116e+00 9.869893185188843177e+00 6.409218037430179038e+00 1.000000000000000056e-01
2.106037834656211061e+01 1.042429633916521992e+00 9.869893185188843177e+00 6.427681765422168070e+00 1.000000000000000056e-01
2.106037834656211061e+01 1.042429633916521992e+00 9.869893185188843177e+00 6.427681765422168070e+00 1.000000000000000056e-01
2.106037834656211061e+01 1.042429633916521992e+00 9.869893185188843177e+00 6.427681765422168070e+00 1.000000000000000056e-01
2.106037834656211061e+01 1.042429633916521992e+00 9.869893185188843177e+00 6.427681765422168070e+00 1.000000000000000056e-01
2.106037834656211061e+01 1.042429633916521992e+00 9.869893185188843177e+00 6.427681765422168070e+00 1.000000000000000056e-01
2.106037834656211061e+01 1.042429633916521992e+00 9.869893185188843177e+00 6.427681765422168070e+00 1.000000000000000056e-01
2.106037834656211061e+01 1.042429633916521992e+00 9.869893185188843177e+00 6.427681765422168070e+00 1.000000000000000056e-01
2.106037834656211061e+01 1.042429633916521992e+00 9.869893185188843177e+00 6.427681765422168070e+00 1.000000000000000056e-01
2.106037834656211061e+01 1.042429633916521992e+00 9.869893185188843177e+00 6.427681765422168070e+00 1.000000000000000056e-01
2.106037834656211061e+01 1.042429633916521992e+00 9.869893185188843177e+00 6.427681765422168070e+00 1.000000000000000056e-01
2.106037834656211061e+01 1.042429633916521992e+00 9.869893185188843177e+00 6.427681765422168070e+00 1.000000000000000056e-01
2.106037834656211061e+01 1.042429633916521992e+00 9.869893185188843177e+00 6.427681765422168070e+00 1.000000000000000056e-01
2.106037834656211061e+01 1.042429633916521992e+00 9.869893185188843177e+00 6.427681765422168070e+00 1.000000000000000056e-01
2.106037834656211061e+01 1.042429633916521992e+00 9.869893185188843177e+00 6.427681765422168070e+00 1.000000000000000056e-01
2.106037834656211061e+01 1.042429633916521992e+00 9.869893185188843177e+00 6.427681765422168070e+00 1.000000000000000056e-01
2.106037834656211061e+01 1.042429633916521992e+00 9.869893185188843177e+00 6.427681765422168070e+00 1.000000000000000056e-01
2.106037834656211061e+01 1.042429633916521992e+00 9.869893185188843177e+00 6.427681765422168070e+00 1.000000000000000056e-01
2.106037834656211061e+01 1.042429633916521992e+00 9.869893185188843177e+00 6.427681765422168070e+00 1.000000000000000056e-01
2.106037834656211061e+01 1.042429633916521992e+00 9.869893185188843177e+00 6.427681765422168070e+00 1.000000000000000056e-01
2.091004878442153725e+01 1.085590010699796215e+00 9.869893185188843177e+00 6.253141179809441397e+00 1.000000000000000056e-01
2.091055766725012788e+01 1.052328901396013539e+00 9.869893185188843177e+00 6.239091817083838976e+00 1.000000000000000056e-01
2.091055766725012788e+01 1.052328901396013539e+00 9.869893185188843177e+00 6.239091817083838976e+00 1.000000000000000056e-01
2.095472620840384792e+01 1.074723882146438880e+00 9.869893185188843177e+00 6.190050413125401718e+00 1.000000000000000056e-01
2.095472620840384792e+01 1.074723882146438880e+00 9.869893185188843177e+00 6.190050413125401718e+00 1.000000000000000056e-01
2.095472620840384792e+01 1.074723882146438880e+00 9.869893185188843177e+00 6.190050413125401718e+00 1.000000000000000056e-01
2.095472620840384792e+01 1.074723882146438880e+00 9.869893185188843177e+00 6.190050413125401718e+00 1.000000000000000056e-01
2.095472620840384792e+01 1.074723882146438880e+00 9.869893185188843177e+00 6.190050413125401718e+00 1.000000000000000056e-01
2.095472620840384792e+01 1.074723882146438880e+00 9.869893185188843177e+00 6.190050413125401718e+00 1.000000000000000056e-01
2.095472620840384792e+01 1.074723882146438880e+00 9.869893185188843177e+00 6.190050413125401718e+00 1.000000000000000056e-01
2.095472620840384792e+01 1.074723882146438880e+00 9.869893185188843177e+00 6.190050413125401718e+00 1.000000000000000056e-01
2.095472620840384792e+01 1.074723882146438880e+00 9.869893185188843177e+00 6.190050413125401718e+00 1.000000000000000056e-01
2.095472620840384792e+01 1.074723882146438880e+00 9.869893185188843177e+00 6.190050413125401718e+00 1.000000000000000056e-01
2.095472620840384792e+01 1.074723882146438880e+00 9.869893185188843177e+00 6.190050413125401718e+00 1.000000000000000056e-01
2.095472620840384792e+01 1.074723882146438880e+00 9.869893185188843177e+00 6.190050413125401718e+00 1.000000000000000056e-01
2.095472620840384792e+01 1.074723882146438880e+00 9.869893185188843177e+00 6.190050413125401718e+00 1.000000000000000056e-01
2.095472620840384792e+01 1.074723882146438880e+00 9.869893185188843177e+00 6.190050413125401718e+00 1.000000000000000056e-01
2.095472620840384792e+01 1.074723882146438880e+00 9.869893185188843177e+00 6.190050413125401718e+00 1.000000000000000056e-01
2.095472620840384792e+01 1.074723882146438880e+00 9.869893185188843177e+00 6.190050413125401718e+00 1.000000000000000056e-01
2.095472620840384792e+01 1.074723882146438880e+00 9.869893185188843177e+00 6.190050413125401718e+00 1.000000000000000056e-01
2.095472620840384792e+01 1.074723882146438880e+00 9.869893185188843177e+00 6.190050413125401718e+00 1.000000000000000056e-01
2.095472620840384792e+01 1.074723882146438880e+00 9.869893185188843177e+00 6.190050413125401718e+00 1.000000000000000056e-01
2.095472620840384792e+01 1.074723882146438880e+00 9.869893185188843177e+00 6.190050413125401718e+00 1.000000000000000056e-01
2.095472620840384792e+01 1.074723882146438880e+00 9.869893185188843177e+00 6.190050413125401718e+00 1.000000000000000056e-01
2.095472620840384792e+01 1.074723882146438880e+00 9.869893185188843177e+00 6.190050413125401718e+00 1.000000000000000056e-01
2.095472620840384792e+01 1.074723882146438880e+00 9.869893185188843177e+00 6.190050413125401718e+00 1.000000000000000056e-01
2.095472620840384792e+01 1.074723882146438880e+00 9.869893185188843177e+00 6.190050413125401718e+00 1.000000000000000056e-01
2.095472620840384792e+01 1.074723882146438880e+00 9.869893185188843177e+00 6.190050413125401718e+00 1.000000000000000056e-01
2.095472620840384792e+01 1.074723882146438880e+00 9.869893185188843177e+00 6.190050413125401718e+00 1.000000000000000056e-01
2.095472620840384792e+01 1.074723882146438880e+00 9.869893185188843177e+00 6.190050413125401718e+00 1.000000000000000056e-01
2.095472620840384792e+01 1.074723882146438880e+00 9.869893185188843177e+00 6.190050413125401718e+00 1.000000000000000056e-01
2.095472620840384792e+01 1.074723882146438880e+00 9.869893185188843177e+00 6.190050413125401718e+00 1.000000000000000056e-01
2.095472620840384792e+01 1.074723882146438880e+00 9.869893185188843177e+00 6.190050413125401718e+00 1.000000000000000056e-01
2.095472620840384792e+01 1.074723882146438880e+00 9.869893185188843177e+00 6.190050413125401718e+00 1.000000000000000056e-01
2.095472620840384792e+01 1.074723882146438880e+00 9.869893185188843177e+00 6.190050413125401718e+00 1.000000000000000056e-01
2.095472620840384792e+01 1.074723882146438880e+00 9.869893185188843177e+00 6.190050413125401718e+00 1.000000000000000056e-01
2.095472620840384792e+01 1.074723882146438880e+00 9.869893185188843177e+00 6.190050413125401718e+00 1.000000000000000056e-01
2.095472620840384792e+01 1.074723882146438880e+00 9.869893185188843177e+00 6.190050413125401718e+00 1.000000000000000056e-01
2.095472620840384792e+01 1.074723882146438880e+00 9.869893185188843177e+00 6.190050413125401718e+00 1.000000000000000056e-01
2.095472620840384792e+01 1.074723882146438880e+00 9.869893185188843177e+00 6.190050413125401718e+00 1.000000000000000056e-01
