2.103914580476243046e+01 1.399999999999999911e+00 9.869893185188843177e+00 7.000000000000000000e+00 1.000000000000000056e-01
2.103914580476243046e+01 1.399999999999999911e+00 9.869893185188843177e+00 7.000000000000000000e+00 1.000000000000000056e-01
2.103914580476243046e+01 1.399999999999999911e+00 9.869893185188843177e+00 7.000000000000000000e+00 1.000000000000000056e-01
2.103914580476243046e+01 1.399999999999999911e+00 9.869893185188843177e+00 7.000000000000000000e+00 1.000000000000000056e-01
2.103914580476243046e+01 1.399999999999999911e+00 9.869893185188843177e+00 7.000000000000000000e+00 1.000000000000000056e-01
2.103914580476243046e+01 1.399999999999999911e+00 9.869893185188843177e+00 7.000000000000000000e+00 1.000000000000000056e-01
2.103914580476243046e+01 1.399999999999999911e+00 9.869893185188843177e+00 7.000000000000000000e+00 1.000000000000000056e-01
2.102024585960406711e+01 1.340278238783531917e+00 9.869893185188843177e+00 6.865164119291913281e+00 1.000000000000000056e-01
2.102024585960406711e+01 1.340278238783531917e+00 9.869893185188843177e+00 6.865164119291913281e+00 1.000000000000000056e-01
2.089845399009868743e+01 1.307246003563915515e+00 9.869893185188843177e+00 7.036081456050764515e+00 1.000000000000000056e-01
2.076370070377783250e+01 1.202205661981662788e+00 9.869893185188843177e+00 6.932796375853609305e+00 1.000000000000000056e-01
2.076370070377783250e+01 1.202205661981662788e+00 9.869893185188843177e+00 6.932796375853609305e+00 1.000000000000000056e-01
2.086501865103912579e+01 1.184788074459131701e+00 9.869893185188843177e+00 6.955776450248460918e+00 1.000000000000000056e-01
2.091697810967660232e+01 1.036731662813940469e+00 9.869893185188843177e+00 6.922115680888760281e+00 1.000000000000000056e-01
2.091697810967660232e+01 1.036731662813940469e+00 9.869893185188843177e+00 6.922115680888760281e+00 1.000000000000000056e-01
2.091697810967660232e+01 1.036731662813940469e+00 9.869893185188843177e+00 6.922115680888760281e+00 1.000000000000000056e-01
2.105105987152148472e+01 1.014686425115638668e+00 9.869893185188843177e+00 6.859329705920984566e+00 1.000000000000000056e-01
2.116854925039956115e+01 1.006335493206607312e+00 9.869893185188843177e+00 6.815927307194966644e+00 1.000000000000000056e-01
2.116854925039956115e+01 1.006335493206607312e+00 9.869893185188843177e+00 6.815927307194966644e+00 1.000000000000000056e-01
2.116854925039956115e+01 1.006335493206607312e+00 9.869893185188843177e+00 6.815927307194966644e+00 1.000000000000000056e-01
2.116854925039956115e+01 1.006335493206607312e+00 9.869893185188843177e+00 6.815927307194966644e+00 1.000000000000000056e-01
2.127733969890894983e+01 1.017514968530761177e+00 9.869893185188843177e+00 6.843289870068440806e+00 1.000000000000000056e-01
2.127733969890894983e+01 1.017514968530761177e+00 9.869893185188843177e+00 6.843289870068440806e+00 1.000000000000000056e-01
2.127733969890894983e+01 1.017514968530761177e+00 9.869893185188843177e+00 6.843289870068440806e+00 1.000000000000000056e-01
2.127733969890894983e+01 1.017514968530761177e+00 9.869893185188843177e+00 6.843289870068440806e+00 1.000000000000000056e-01
2.127733969890894983e+01 1.017514968530761177e+00 9.869893185188843177e+00 6.843289870068440806e+00 1.000000000000000056e-01
2.127733969890894983e+01 1.017514968530761177e+00 9.869893185188843177e+00 6.843289870068440806e+00 1.000000000000000056e-01
2.127733969890894983e+01 1.017514968530761177e+00 9.869893185188843177e+00 6.843289870068440806e+00 1.000000000000000056e-01
2.127733969890894983e+01 1.017514968530761177e+00 9.869893185188843177e+00 6.843289870068440806e+00 1.000000000000000056e-01
2.127733969890894983e+01 1.017514968530761177e+00 9.869893185188843177e+00 6.843289870068440806e+00 1.000000000000000056e-01
2.127733969890894983e+01 1.017514968530761177e+00 9.869893185188843177e+00 6.843289870068440806e+00 1.000000000000000056e-01
2.127733969890894983e+01 1.017514968530761177e+00 9.869893185188843177e+00 6.843289870068440806e+00 1.000000000000000056e-01
2.123484240726389416e+01 1.152262129505308375e+00 9.869893185188843177e+00 6.622045524596055444e+00 1.000000000000000056e-01
2.123484240726389416e+01 1.152262129505308375e+00 9.869893185188843177e+00 6.622045524596055444e+00 1.000000000000000056e-01
2.123484240726389416e+01 1.152262129505308375e+00 9.869893185188843177e+00 6.622045524596055444e+00 1.000000000000000056e-01
2.147850474927404818e+01 1.163401147652637357e+00 9.869893185188843177e+00 6.445388955346091464e+00 1.000000000000000056e-01
2.147850474927404818e+01 1.163401147652637357e+00 9.869893185188843177e+00 6.445388955346091464e+00 1.000000000000000056e-01
2.147850474927404818e+01 1.163401147652637357e+00 9.869893185188843177e+00 6.445388955346091464e+00 1.000000000000000056e-01
2.147850474927404818e+01 1.163401147652637357e+00 9.869893185188843177e+00 6.445388955346091464e+00 1.000000000000000056e-01
2.165401795842553057e+01 1.115857030360003055e+00 9.869893185188843177e+00 6.352133788084818988e+00 1.000000000000000056e-01
2.153970217084384942e+01 1.078762956679794272e+00 9.869893185188843177e+00 6.314790704541486832e+00 1.000000000000000056e-01
2.153970217084384942e+01 1.078762956679794272e+00 9.869893185188843177e+00 6.314790704541486832e+00 1.000000000000000056e-01
2.153970217084384942e+01 1.078762956679794272e+00 9.869893185188843177e+00 6.314790704541486832e+00 1.000000000000000056e-01
2.163594808101585798e+01 1.033183306971926285e+00 9.869893185188843177e+00 6.221734819251851789e+00 1.000000000000000056e-01
2.173011562858215839e+01 1.090128578393425585e+00 9.869893185188843177e+00 6.167968870707850826e+00 1.000000000000000056e-01
2.178765129619794649e+01 1.055494177571107972e+00 9.869893185188843177e+00 6.160330313583878059e+00 1.000000000000000056e-01
2.178765129619794649e+01 1.055494177571107972e+00 9.869893185188843177e+00 6.160330313583878059e+00 1.000000000000000056e-01
2.181874833853105144e+01 1.091143198836269201e+00 9.869893185188843177e+00 6.074066207539895679e+00 1.000000000000000056e-01
2.181874833853105144e+01 1.091143198836269201e+00 9.869893185188843177e+00 6.074066207539895679e+00 1.000000000000000056e-01
2.181874833853105144e+01 1.091143198836269201e+00 9.869893185188843177e+00 6.074066207539895679e+00 1.000000000000000056e-01
2.181874833853105144e+01 1.091143198836269201e+00 9.869893185188843177e+00 6.074066207539895679e+00 1.000000000000000056e-01
2.181874833853105144e+01 1.091143198836269201e+00 9.869893185188843177e+00 6.074066207539895679e+00 1.000000000000000056e-01
2.181874833853105144e+01 1.091143198836269201e+00 9.869893185188843177e+00 6.074066207539895679e+00 1.000000000000000056e-01
2.181874833853105144e+01 1.091143198836269201e+00 9.869893185188843177e+00 6.074066207539895679e+00 1.000000000000000056e-01
2.181874833853105144e+01 1.091143198836269201e+00 9.869893185188843177e+00 6.074066207539895679e+00 1.000000000000000056e-01
2.181874833853105144e+01 1.091143198836269201e+00 9.869893185188843177e+00 6.074066207539895679e+00 1.000000000000000056e-01
2.179680051263727947e+01 1.064120235779060231e+00 9.869893185188843177e+00 6.091109191373567100e+00 1.000000000000000056e-01
2.179680051263727947e+01 1.064120235779060231e+00 9.869893185188843177e+00 6.091109191373567100e+00 1.000000000000000056e-01
2.178734681066081436e+01 1.062207013742122452e+00 9.869893185188843177e+00 6.083656866434997923e+00 1.000000000000000056e-01
2.178734681066081436e+01 1.062207013742122452e+00 9.869893185188843177e+00 6.083656866434997923e+00 1.000000000000000056e-01
2.167413203117961018e+01 1.065957372818510329e+00 9.869893185188843177e+00 6.057221700639969342e+00 1.000000000000000056e-01
2.167413203117961018e+01 1.065957372818510329e+00 9.869893185188843177e+00 6.057221700639969342e+00 1.000000000000000056e-01
2.167413203117961018e+01 1.065957372818510329e+00 9.869893185188843177e+00 6.057221700639969342e+00 1.000000000000000056e-01
2.167413203117961018e+01 1.065957372818510329e+00 9.869893185188843177e+00 6.057221700639969342e+00 1.000000000000000056e-01
2.167413203117961018e+01 1.065957372818510329e+00 9.869893185188843177e+00 6.057221700639969342e+00 1.000000000000000056e-01
2.167413203117961018e+01 1.065957372818510329e+00 9.869893185188843177e+00 6.057221700639969342e+00 1.000000000000000056e-01
2.167413203117961018e+01 1.065957372818510329e+00 9.869893185188843177e+00 6.057221700639969342e+00 1.000000000000000056e-01
2.183593978494439014e+01 1.074538223760944655e+00 9.869893185188843177e+00 6.028826090508784041e+00 1.000000000000000056e-01
2.183593978494439014e+01 1.074538223760944655e+00 9.869893185188843177e+00 6.028826090508784041e+00 1.000000000000000056e-01
2.183593978494439014e+01 1.074538223760944655e+00 9.869893185188843177e+00 6.028826090508784041e+00 1.000000000000000056e-01
2.183593978494439014e+01 1.074538223760944655e+00 9.869893185188843177e+00 6.028826090508784041e+00 1.000000000000000056e-01
2.183593978494439014e+01 1.074538223760944655e+00 9.869893185188843177e+00 6.028826090508784041e+00 1.000000000000000056e-01
2.183593978494439014e+01 1.074538223760944655e+00 9.869893185188843177e+00 6.028826090508784041e+00 1.000000000000000056e-01
2.183593978494439014e+01 1.074538223760944655e+00 9.869893185188843177e+00 6.028826090508784041e+00 1.000000000000000056e-01
2.183593978494439014e+01 1.074538223760944655e+00 9.869893185188843177e+00 6.028826090508784041e+00 1.000000000000000056e-01
2.189256887784149086e+01 1.086605406262405760e+00 9.869893185188843177e+00 5.836419269815075417e+00 1.000000000000000056e-01
2.189256887784149086e+01 1.086605406262405760e+00 9.869893185188843177e+00 5.836419269815075417e+00 1.000000000000000056e-01
2.189256887784149086e+01 1.086605406262405760e+00 9.869893185188843177e+00 5.836419269815075417e+00 1.000000000000000056e-01
2.189256887784149086e+01 1.086605406262405760e+00 9.869893185188843177e+00 5.836419269815075417e+00 1.000000000000000056e-01
2.189256887784149086e+01 1.086605406262405760e+00 9.869893185188843177e+00 5.836419269815075417e+00 1.000000000000000056e-01
2.189256887784149086e+01 1.086605406262405760e+00 9.869893185188843177e+00 5.836419269815075417e+00 1.000000000000000056e-01
2.189256887784149086e+01 1.086605406262405760e+00 9.869893185188843177e+00 5.836419269815075417e+00 1.000000000000000056e-01
2.189256887784149086e+01 1.086605406262405760e+00 9.869893185188843177e+00 5.836419269815075417e+00 1.000000000000000056e-01
2.189256887784149086e+01 1.086605406262405760e+00 9.869893185188843177e+00 5.836419269815075417e+00 1.000000000000000056e-01
2.197603346596346441e+01 1.084261741564751524e+00 9.869893185188843177e+00 5.838221584760343141e+00 1.000000000000000056e-01
2.197603346596346441e+01 1.084261741564751524e+00 9.869893185188843177e+00 5.838221584760343141e+00 1.000000000000000056e-01
2.197603346596346441e+01 1.084261741564751524e+00 9.869893185188843177e+00 5.838221584760343141e+00 1.000000000000000056e-01
2.197603346596346441e+01 1.084261741564751524e+00 9.869893185188843177e+00 5.838221584760343141e+00 1.000000000000000056e-01
2.197603346596346441e+01 1.084261741564751524e+00 9.869893185188843177e+00 5.838221584760343141e+00 1.000000000000000056e-01
2.197603346596346441e+01 1.084261741564751524e+00 9.869893185188843177e+00 5.838221584760343141e+00 1.000000000000000056e-01
2.197603346596346441e+01 1.084261741564751524e+00 9.869893185188843177e+00 5.838221584760343141e+00 1.000000000000000056e-01
2.197603346596346441e+01 1.084261741564751524e+00 9.869893185188843177e+00 5.838221584760343141e+00 1.000000000000000056e-01
2.201601036847700144e+01 1.133415084007571405e+00 9.869893185188843177e+00 5.648251336222554819e+00 1.000000000000000056e-01
2.201601036847700144e+01 1.133415084007571405e+00 9.869893185188843177e+00 5.648251336222554819e+00 1.000000000000000056e-01
2.201601036847700144e+01 1.133415084007571405e+00 9.869893185188843177e+00 5.648251336222554819e+00 1.000000000000000056e-01
2.208735565137090973e+01 1.103822925170113045e+00 9.869893185188843177e+00 5.621272288783278448e+00 1.000000000000000056e-01
2.208735565137090973e+01 1.103822925170113045e+00 9.869893185188843177e+00 5.621272288783278448e+00 1.000000000000000056e-01
2.208735565137090973e+01 1.103822925170113045e+00 9.869893185188843177e+00 5.621272288783278448e+00 1.000000000000000056e-01
2.194289052053728284e+01 1.087306455082881262e+00 9.869893185188843177e+00 5.534915793782297477e+00 1.000000000000000056e-01
2.194289052053728284e+01 1.087306455082881262e+00 9.869893185188843177e+00 5.534915793782297477e+00 1.000000000000000056e-01
