2.103914580476243046e+01 1.399999999999999911e+00 9.869893185188843177e+00 7.000000000000000000e+00 1.000000000000000056e-01
2.103914580476243046e+01 1.399999999999999911e+00 9.869893185188843177e+00 7.000000000000000000e+00 1.000000000000000056e-01
2.090727823424473542e+01 1.240929330967860844e+00 9.869893185188843177e+00 6.998027857252084871e+00 1.000000000000000056e-01
2.071600105213737919e+01 1.008146935365447305e+00 9.869893185188843177e+00 7.173969735474168274e+00 1.000000000000000056e-01
2.071600105213737919e+01 1.008146935365447305e+00 9.869893185188843177e+00 7.173969735474168274e+00 1.000000000000000056e-01
2.071600105213737919e+01 1.008146935365447305e+00 9.869893185188843177e+00 7.173969735474168274e+00 1.000000000000000056e-01
2.071600105213737919e+01 1.008146935365447305e+00 9.869893185188843177e+00 7.173969735474168274e+00 1.000000000000000056e-01
2.071600105213737919e+01 1.008146935365447305e+00 9.869893185188843177e+00 7.173969735474168274e+00 1.000000000000000056e-01
2.071600105213737919e+01 1.008146935365447305e+00 9.869893185188843177e+00 7.173969735474168274e+00 1.000000000000000056e-01
2.071600105213737919e+01 1.008146935365447305e+00 9.869893185188843177e+00 7.173969735474168274e+00 1.000000000000000056e-01
2.072160234152939751e+01 1.031131685046717372e+00 9.869893185188843177e+00 7.188000205449138313e+00 1.000000000000000056e-01
2.072160234152939751e+01 1.031131685046717372e+00 9.869893185188843177e+00 7.188000205449138313e+00 1.000000000000000056e-01
2.072160234152939751e+01 1.031131685046717372e+00 9.869893185188843177e+00 7.188000205449138313e+00 1.000000000000000056e-01
2.072160234152939751e+01 1.031131685046717372e+00 9.869893185188843177e+00 7.188000205449138313e+00 1.000000000000000056e-01
2.072160234152939751e+01 1.031131685046717372e+00 9.869893185188843177e+00 7.188000205449138313e+00 1.000000000000000056e-01
2.072160234152939751e+01 1.031131685046717372e+00 9.869893185188843177e+00 7.188000205449138313e+00 1.000000000000000056e-01
2.072160234152939751e+01 1.031131685046717372e+00 9.869893185188843177e+00 7.188000205449138313e+00 1.000000000000000056e-01
2.072160234152939751e+01 1.031131685046717372e+00 9.869893185188843177e+00 7.188000205449138313e+00 1.000000000000000056e-01
2.072160234152939751e+01 1.031131685046717372e+00 9.869893185188843177e+00 7.188000205449138313e+00 1.000000000000000056e-01
2.072160234152939751e+01 1.031131685046717372e+00 9.869893185188843177e+00 7.188000205449138313e+00 1.000000000000000056e-01
2.086451022753744766e+01 1.050480051648796209e+00 9.869893185188843177e+00 7.079710513759000179e+00 1.000000000000000056e-01
2.071207865086361011e+01 1.058582800915639055e+00 9.869893185188843177e+00 7.069976542158072697e+00 1.000000000000000056e-01
2.071207865086361011e+01 1.058582800915639055e+00 9.869893185188843177e+00 7.069976542158072697e+00 1.000000000000000056e-01
2.071207865086361011e+01 1.058582800915639055e+00 9.869893185188843177e+00 7.069976542158072697e+00 1.000000000000000056e-01
2.071207865086361011e+01 1.058582800915639055e+00 9.869893185188843177e+00 7.069976542158072697e+00 1.000000000000000056e-01
2.071207865086361011e+01 1.058582800915639055e+00 9.869893185188843177e+00 7.069976542158072697e+00 1.000000000000000056e-01
2.087137626230217080e+01 1.079024381537466049e+00 9.869893185188843177e+00 7.036560478971972898e+00 1.000000000000000056e-01
2.087137626230217080e+01 1.079024381537466049e+00 9.869893185188843177e+00 7.036560478971972898e+00 1.000000000000000056e-01
2.087137626230217080e+01 1.079024381537466049e+00 9.869893185188843177e+00 7.036560478971972898e+00 1.000000000000000056e-01
2.087137626230217080e+01 1.079024381537466049e+00 9.869893185188843177e+00 7.036560478971972898e+00 1.000000000000000056e-01
2.096009978343821700e+01 1.057191736352974143e+00 9.869893185188843177e+00 7.017746121525338943e+00 1.000000000000000056e-01
2.096009978343821700e+01 1.057191736352974143e+00 9.869893185188843177e+00 7.017746121525338943e+00 1.000000000000000056e-01
2.096009978343821700e+01 1.057191736352974143e+00 9.869893185188843177e+00 7.017746121525338943e+00 1.000000000000000056e-01
2.096009978343821700e+01 1.057191736352974143e+00 9.869893185188843177e+00 7.017746121525338943e+00 1.000000000000000056e-01
2.096009978343821700e+01 1.057191736352974143e+00 9.869893185188843177e+00 7.017746121525338943e+00 1.000000000000000056e-01
2.096009978343821700e+01 1.057191736352974143e+00 9.869893185188843177e+00 7.017746121525338943e+00 1.000000000000000056e-01
2.086509421140434029e+01 1.085876704828405481e+00 9.869893185188843177e+00 6.953938094929821290e+00 1.000000000000000056e-01
2.086509421140434029e+01 1.085876704828405481e+00 9.869893185188843177e+00 6.953938094929821290e+00 1.000000000000000056e-01
2.093946509872659689e+01 1.059038724053106062e+00 9.869893185188843177e+00 6.863306252535778640e+00 1.000000000000000056e-01
2.093946509872659689e+01 1.059038724053106062e+00 9.869893185188843177e+00 6.863306252535778640e+00 1.000000000000000056e-01
2.090663843142074185e+01 1.048377272953076922e+00 9.869893185188843177e+00 6.629492803920919997e+00 1.000000000000000056e-01
2.090663843142074185e+01 1.048377272953076922e+00 9.869893185188843177e+00 6.629492803920919997e+00 1.000000000000000056e-01
2.090663843142074185e+01 1.048377272953076922e+00 9.869893185188843177e+00 6.629492803920919997e+00 1.000000000000000056e-01
2.090663843142074185e+01 1.048377272953076922e+00 9.869893185188843177e+00 6.629492803920919997e+00 1.000000000000000056e-01
2.090663843142074185e+01 1.048377272953076922e+00 9.869893185188843177e+00 6.629492803920919997e+00 1.000000000000000056e-01
2.090663843142074185e+01 1.048377272953076922e+00 9.869893185188843177e+00 6.629492803920919997e+00 1.000000000000000056e-01
2.090663843142074185e+01 1.048377272953076922e+00 9.869893185188843177e+00 6.629492803920919997e+00 1.000000000000000056e-01
2.090663843142074185e+01 1.048377272953076922e+00 9.869893185188843177e+00 6.629492803920919997e+00 1.000000000000000056e-01
2.074659354678179568e+01 1.084007371458688862e+00 9.869893185188843177e+00 6.412746073482345821e+00 1.000000000000000056e-01
2.074659354678179568e+01 1.084007371458688862e+00 9.869893185188843177e+00 6.412746073482345821e+00 1.000000000000000056e-01
2.074659354678179568e+01 1.084007371458688862e+00 9.869893185188843177e+00 6.412746073482345821e+00 1.000000000000000056e-01
2.074659354678179568e+01 1.084007371458688862e+00 9.869893185188843177e+00 6.412746073482345821e+00 1.000000000000000056e-01
2.074659354678179568e+01 1.084007371458688862e+00 9.869893185188843177e+00 6.412746073482345821e+00 1.000000000000000056e-01
2.074659354678179568e+01 1.084007371458688862e+00 9.869893185188843177e+00 6.412746073482345821e+00 1.000000000000000056e-01
2.074659354678179568e+01 1.084007371458688862e+00 9.869893185188843177e+00 6.412746073482345821e+00 1.000000000000000056e-01
2.074659354678179568e+01 1.084007371458688862e+00 9.869893185188843177e+00 6.412746073482345821e+00 1.000000000000000056e-01
2.074659354678179568e+01 1.084007371458688862e+00 9.869893185188843177e+00 6.412746073482345821e+00 1.000000000000000056e-01
2.074659354678179568e+01 1.084007371458688862e+00 9.869893185188843177e+00 6.412746073482345821e+00 1.000000000000000056e-01
2.074659354678179568e+01 1.084007371458688862e+00 9.869893185188843177e+00 6.412746073482345821e+00 1.000000000000000056e-01
2.074659354678179568e+01 1.084007371458688862e+00 9.869893185188843177e+00 6.412746073482345821e+00 1.000000000000000056e-01
2.065773151576390276e+01 1.095535773311695271e+00 9.869893185188843177e+00 6.338773791184256545e+00 1.000000000000000056e-01
2.065773151576390276e+01 1.095535773311695271e+00 9.869893185188843177e+00 6.338773791184256545e+00 1.000000000000000056e-01
2.065773151576390276e+01 1.095535773311695271e+00 9.869893185188843177e+00 6.338773791184256545e+00 1.000000000000000056e-01
2.065773151576390276e+01 1.095535773311695271e+00 9.869893185188843177e+00 6.338773791184256545e+00 1.000000000000000056e-01
2.065532973028253139e+01 1.098091775124909741e+00 9.869893185188843177e+00 6.299871023852245067e+00 1.000000000000000056e-01
2.065532973028253139e+01 1.098091775124909741e+00 9.869893185188843177e+00 6.299871023852245067e+00 1.000000000000000056e-01
2.065532973028253139e+01 1.098091775124909741e+00 9.869893185188843177e+00 6.299871023852245067e+00 1.000000000000000056e-01
2.065532973028253139e+01 1.098091775124909741e+00 9.869893185188843177e+00 6.299871023852245067e+00 1.000000000000000056e-01
2.065532973028253139e+01 1.098091775124909741e+00 9.869893185188843177e+00 6.299871023852245067e+00 1.000000000000000056e-01
2.065532973028253139e+01 1.098091775124909741e+00 9.869893185188843177e+00 6.299871023852245067e+00 1.000000000000000056e-01
2.065532973028253139e+01 1.098091775124909741e+00 9.869893185188843177e+00 6.299871023852245067e+00 1.000000000000000056e-01
2.065532973028253139e+01 1.098091775124909741e+00 9.869893185188843177e+00 6.299871023852245067e+00 1.000000000000000056e-01
2.080952778365071154e+01 1.105999358911326613e+00 9.869893185188843177e+00 6.243008836828440877e+00 1.000000000000000056e-01
2.080952778365071154e+01 1.105999358911326613e+00 9.869893185188843177e+00 6.243008836828440877e+00 1.000000000000000056e-01
2.087231378789896041e+01 1.134713546097979808e+00 9.869893185188843177e+00 6.151486445597177166e+00 1.000000000000000056e-01
2.087231378789896041e+01 1.134713546097979808e+00 9.869893185188843177e+00 6.151486445597177166e+00 1.000000000000000056e-01
2.087231378789896041e+01 1.134713546097979808e+00 9.869893185188843177e+00 6.151486445597177166e+00 1.000000000000000056e-01
2.087231378789896041e+01 1.134713546097979808e+00 9.869893185188843177e+00 6.151486445597177166e+00 1.000000000000000056e-01
2.087231378789896041e+01 1.134713546097979808e+00 9.869893185188843177e+00 6.151486445597177166e+00 1.000000000000000056e-01
2.087231378789896041e+01 1.134713546097979808e+00 9.869893185188843177e+00 6.151486445597177166e+00 1.000000000000000056e-01
2.087231378789896041e+01 1.134713546097979808e+00 9.869893185188843177e+00 6.151486445597177166e+00 1.000000000000000056e-01
2.087231378789896041e+01 1.134713546097979808e+00 9.869893185188843177e+00 6.151486445597177166e+00 1.000000000000000056e-01
2.094480346869147525e+01 1.143213554855494474e+00 9.869893185188843177e+00 6.039890623968939387e+00 1.000000000000000056e-01
2.098781471754253047e+01 1.114178022392517065e+00 9.869893185188843177e+00 5.925887783874035364e+00 1.000000000000000056e-01
2.098781471754253047e+01 1.114178022392517065e+00 9.869893185188843177e+00 5.925887783874035364e+00 1.000000000000000056e-01
2.098781471754253047e+01 1.114178022392517065e+00 9.869893185188843177e+00 5.925887783874035364e+00 1.000000000000000056e-01
2.098781471754253047e+01 1.114178022392517065e+00 9.869893185188843177e+00 5.925887783874035364e+00 1.000000000000000056e-01
2.098781471754253047e+01 1.114178022392517065e+00 9.869893185188843177e+00 5.925887783874035364e+00 1.000000000000000056e-01
2.098781471754253047e+01 1.114178022392517065e+00 9.869893185188843177e+00 5.925887783874035364e+00 1.000000000000000056e-01
2.103883612025220984e+01 1.105953825794478762e+00 9.869893185188843177e+00 5.838523188546356657e+00 1.000000000000000056e-01
2.103883612025220984e+01 1.105953825794478762e+00 9.869893185188843177e+00 5.838523188546356657e+00 1.000000000000000056e-01
2.103883612025220984e+01 1.105953825794478762e+00 9.869893185188843177e+00 5.838523188546356657e+00 1.000000000000000056e-01
2.103883612025220984e+01 1.105953825794478762e+00 9.869893185188843177e+00 5.838523188546356657e+00 1.000000000000000056e-01
2.103883612025220984e+01 1.105953825794478762e+00 9.869893185188843177e+00 5.838523188546356657e+00 1.000000000000000056e-01
2.103883612025220984e+01 1.105953825794478762e+00 9.869893185188843177e+00 5.838523188546356657e+00 1.000000000000000056e-01
2.103883612025220984e+01 1.105953825794478762e+00 9.869893185188843177e+00 5.838523188546356657e+00 1.000000000000000056e-01
2.103883612025220984e+01 1.105953825794478762e+00 9.869893185188843177e+00 5.838523188546356657e+00 1.000000000000000056e-01
2.103883612025220984e+01 1.105953825794478762e+00 9.869893185188843177e+00 5.838523188546356657e+00 1.000000000000000056e-01
2.103883612025220984e+01 1.105953825794478762e+00 9.869893185188843177e+00 5.838523188546356657e+00 1.000000000000000056e-01
2.103883612025220984e+01 1.105953825794478762e+00 9.869893185188843177e+00 5.838523188546356657e+00 1.000000000000000056e-01
